    350.00 0.0635000000
    351.00 0.0634000000
    352.00 0.0635000000
    353.00 0.0630000000
    354.00 0.0625000000
    355.00 0.0623000000
    356.00 0.0623000000
    357.00 0.0621000000
    358.00 0.0617000000
    359.00 0.0617000000
    360.00 0.0617000000
    361.00 0.0615000000
    362.00 0.0613000000
    363.00 0.0616000000
    364.00 0.0614000000
    365.00 0.0612000000
    366.00 0.0613000000
    367.00 0.0615000000
    368.00 0.0618000000
    369.00 0.0621000000
    370.00 0.0623000000
    371.00 0.0627000000
    372.00 0.0630000000
    373.00 0.0635000000
    374.00 0.0638000000
    375.00 0.0639000000
    376.00 0.0640000000
    377.00 0.0639000000
    378.00 0.0648000000
    379.00 0.0660000000
    380.00 0.0665000000
    381.00 0.0670000000
    382.00 0.0674000000
    383.00 0.0677000000
    384.00 0.0682000000
    385.00 0.0685000000
    386.00 0.0689000000
    387.00 0.0693000000
    388.00 0.0695000000
    389.00 0.0695000000
    390.00 0.0699000000
    391.00 0.0700000000
    392.00 0.0700000000
    393.00 0.0702000000
    394.00 0.0704000000
    395.00 0.0706000000
    396.00 0.0707000000
    397.00 0.0709000000
    398.00 0.0710000000
    399.00 0.0710000000
    400.00 0.0713000000
    401.00 0.0714000000
    402.00 0.0714000000
    403.00 0.0717000000
    404.00 0.0717000000
    405.00 0.0714000000
    406.00 0.0715000000
    407.00 0.0717000000
    408.00 0.0716000000
    409.00 0.0716000000
    410.00 0.0715000000
    411.00 0.0716000000
    412.00 0.0715000000
    413.00 0.0715000000
    414.00 0.0713000000
    415.00 0.0715000000
    416.00 0.0713000000
    417.00 0.0713000000
    418.00 0.0714000000
    419.00 0.0713000000
    420.00 0.0714000000
    421.00 0.0713000000
    422.00 0.0713000000
    423.00 0.0711000000
    424.00 0.0713000000
    425.00 0.0712000000
    426.00 0.0712000000
    427.00 0.0714000000
    428.00 0.0715000000
    429.00 0.0715000000
    430.00 0.0714000000
    431.00 0.0716000000
    432.00 0.0717000000
    433.00 0.0718000000
    434.00 0.0720000000
    435.00 0.0719000000
    436.00 0.0722000000
    437.00 0.0723000000
    438.00 0.0724000000
    439.00 0.0728000000
    440.00 0.0729000000
    441.00 0.0733000000
    442.00 0.0735000000
    443.00 0.0737000000
    444.00 0.0742000000
    445.00 0.0748000000
    446.00 0.0754000000
    447.00 0.0757000000
    448.00 0.0764000000
    449.00 0.0768000000
    450.00 0.0776000000
    451.00 0.0784000000
    452.00 0.0790000000
    453.00 0.0797000000
    454.00 0.0805000000
    455.00 0.0815000000
    456.00 0.0824000000
    457.00 0.0834000000
    458.00 0.0844000000
    459.00 0.0854000000
    460.00 0.0868000000
    461.00 0.0880000000
    462.00 0.0893000000
    463.00 0.0911000000
    464.00 0.0924000000
    465.00 0.0942000000
    466.00 0.0960000000
    467.00 0.0981000000
    468.00 0.1001000000
    469.00 0.1025000000
    470.00 0.1049000000
    471.00 0.1076000000
    472.00 0.1108000000
    473.00 0.1139000000
    474.00 0.1174000000
    475.00 0.1213000000
    476.00 0.1255000000
    477.00 0.1301000000
    478.00 0.1356000000
    479.00 0.1411000000
    480.00 0.1470000000
    481.00 0.1535000000
    482.00 0.1610000000
    483.00 0.1693000000
    484.00 0.1778000000
    485.00 0.1880000000
    486.00 0.1981000000
    487.00 0.2090000000
    488.00 0.2212000000
    489.00 0.2345000000
    490.00 0.2483000000
    491.00 0.2637000000
    492.00 0.2802000000
    493.00 0.2968000000
    494.00 0.3148000000
    495.00 0.3341000000
    496.00 0.3539000000
    497.00 0.3756000000
    498.00 0.3979000000
    499.00 0.4205000000
    500.00 0.4438000000
    501.00 0.4681000000
    502.00 0.4923000000
    503.00 0.5168000000
    504.00 0.5418000000
    505.00 0.5662000000
    506.00 0.5910000000
    507.00 0.6152000000
    508.00 0.6388000000
    509.00 0.6618000000
    510.00 0.6843000000
    511.00 0.7052000000
    512.00 0.7260000000
    513.00 0.7531000000
    514.00 0.7642000000
    515.00 0.7808000000
    516.00 0.7961000000
    517.00 0.8106000000
    518.00 0.8236000000
    519.00 0.8359000000
    520.00 0.8471000000
    521.00 0.8577000000
    522.00 0.8661000000
    523.00 0.8745000000
    524.00 0.8824000000
    525.00 0.8891000000
    526.00 0.8950000000
    527.00 0.9006000000
    528.00 0.9053000000
    529.00 0.9098000000
    530.00 0.9139000000
    531.00 0.9167000000
    532.00 0.9201000000
    533.00 0.9225000000
    534.00 0.9248000000
    535.00 0.9265000000
    536.00 0.9283000000
    537.00 0.9295000000
    538.00 0.9310000000
    539.00 0.9316000000
    540.00 0.9328000000
    541.00 0.9338000000
    542.00 0.9344000000
    543.00 0.9350000000
    544.00 0.9353000000
    545.00 0.9354000000
    546.00 0.9356000000
    547.00 0.9360000000
    548.00 0.9359000000
    549.00 0.9354000000
    550.00 0.9349000000
    551.00 0.9347000000
    552.00 0.9348000000
    553.00 0.9337000000
    554.00 0.9333000000
    555.00 0.9331000000
    556.00 0.9321000000
    557.00 0.9308000000
    558.00 0.9298000000
    559.00 0.9293000000
    560.00 0.9289000000
    561.00 0.9277000000
    562.00 0.9275000000
    563.00 0.9273000000
    564.00 0.9263000000
    565.00 0.9249000000
    566.00 0.9241000000
    567.00 0.9237000000
    568.00 0.9222000000
    569.00 0.9212000000
    570.00 0.9199000000
    571.00 0.9189000000
    572.00 0.9179000000
    573.00 0.9175000000
    574.00 0.9160000000
    575.00 0.9139000000
    576.00 0.9140000000
    577.00 0.9133000000
    578.00 0.9121000000
    579.00 0.9113000000
    580.00 0.9099000000
    581.00 0.9093000000
    582.00 0.9087000000
    583.00 0.9074000000
    584.00 0.9068000000
    585.00 0.9059000000
    586.00 0.9049000000
    587.00 0.9042000000
    588.00 0.9040000000
    589.00 0.9027000000
    590.00 0.9020000000
    591.00 0.9021000000
    592.00 0.9012000000
    593.00 0.8995000000
    594.00 0.8986000000
    595.00 0.8985000000
    596.00 0.8979000000
    597.00 0.8968000000
    598.00 0.8960000000
    599.00 0.8950000000
    600.00 0.8942000000
    601.00 0.8936000000
    602.00 0.8930000000
    603.00 0.8911000000
    604.00 0.8898000000
    605.00 0.8889000000
    606.00 0.8884000000
    607.00 0.8876000000
    608.00 0.8870000000
    609.00 0.8857000000
    610.00 0.8844000000
    611.00 0.8839000000
    612.00 0.8828000000
    613.00 0.8821000000
    614.00 0.8817000000
    615.00 0.8808000000
    616.00 0.8800000000
    617.00 0.8786000000
    618.00 0.8774000000
    619.00 0.8769000000
    620.00 0.8758000000
    621.00 0.8741000000
    622.00 0.8742000000
    623.00 0.8741000000
    624.00 0.8728000000
    625.00 0.8726000000
    626.00 0.8716000000
    627.00 0.8709000000
    628.00 0.8705000000
    629.00 0.8693000000
    630.00 0.8679000000
    631.00 0.8675000000
    632.00 0.8670000000
    633.00 0.8660000000
    634.00 0.8655000000
    635.00 0.8650000000
    636.00 0.8642000000
    637.00 0.8639000000
    638.00 0.8639000000
    639.00 0.8632000000
    640.00 0.8632000000
    641.00 0.8630000000
    642.00 0.8625000000
    643.00 0.8622000000
    644.00 0.8608000000
    645.00 0.8610000000
    646.00 0.8614000000
    647.00 0.8614000000
    648.00 0.8615000000
    649.00 0.8608000000
    650.00 0.8607000000
    651.00 0.8605000000
    652.00 0.8603000000
    653.00 0.8609000000
    654.00 0.8612000000
    655.00 0.8607000000
    656.00 0.8600000000
    657.00 0.8605000000
    658.00 0.8614000000
    659.00 0.8608000000
    660.00 0.8603000000
    661.00 0.8604000000
    662.00 0.8608000000
    663.00 0.8606000000
    664.00 0.8604000000
    665.00 0.8607000000
    666.00 0.8603000000
    667.00 0.8593000000
    668.00 0.8587000000
    669.00 0.8576000000
    670.00 0.8577000000
    671.00 0.8566000000
    672.00 0.8560000000
    673.00 0.8565000000
    674.00 0.8555000000
    675.00 0.8544000000
    676.00 0.8539000000
    677.00 0.8537000000
    678.00 0.8529000000
    679.00 0.8519000000
    680.00 0.8520000000
    681.00 0.8516000000
    682.00 0.8525000000
    683.00 0.8516000000
    684.00 0.8507000000
    685.00 0.8501000000
    686.00 0.8492000000
    687.00 0.8494000000
    688.00 0.8494000000
    689.00 0.8481000000
    690.00 0.8469000000
    691.00 0.8475000000
    692.00 0.8466000000
    693.00 0.8469000000
    694.00 0.8458000000
    695.00 0.8443000000
    696.00 0.8444000000
    697.00 0.8437000000
    698.00 0.8430000000
    699.00 0.8423000000
    700.00 0.8417000000
    701.00 0.8403000000
    702.00 0.8403000000
    703.00 0.8397000000
    704.00 0.8378000000
    705.00 0.8379000000
    706.00 0.8371000000
    707.00 0.8363000000
    708.00 0.8368000000
    709.00 0.8354000000
    710.00 0.8339000000
    711.00 0.8343000000
    712.00 0.8346000000
    713.00 0.8342000000
    714.00 0.8331000000
    715.00 0.8333000000
    716.00 0.8334000000
    717.00 0.8328000000
    718.00 0.8344000000
    719.00 0.8350000000
    720.00 0.8343000000
    721.00 0.8345000000
    722.00 0.8353000000
    723.00 0.8357000000
    724.00 0.8357000000
    725.00 0.8364000000
    726.00 0.8364000000
    727.00 0.8376000000
    728.00 0.8382000000
    729.00 0.8383000000
    730.00 0.8381000000
    731.00 0.8394000000
    732.00 0.8409000000
    733.00 0.8409000000
    734.00 0.8413000000
    735.00 0.8433000000
    736.00 0.8415000000
    737.00 0.8426000000
    738.00 0.8445000000
    739.00 0.8458000000
    740.00 0.8455000000
    741.00 0.8468000000
    742.00 0.8487000000
    743.00 0.8492000000
    744.00 0.8493000000
    745.00 0.8510000000
    746.00 0.8529000000
    747.00 0.8539000000
    748.00 0.8535000000
    749.00 0.8540000000
    750.00 0.8551000000
    751.00 0.8570000000
    752.00 0.8569000000
    753.00 0.8565000000
    754.00 0.8577000000
    755.00 0.8601000000
    756.00 0.8602000000
    757.00 0.8610000000
    758.00 0.8594000000
    759.00 0.8622000000
    760.00 0.8599000000
    761.00 0.8606000000
    762.00 0.8610000000
    763.00 0.8616000000
    764.00 0.8615000000
    765.00 0.8618000000
    766.00 0.8618000000
    767.00 0.8637000000
    768.00 0.8632000000
    769.00 0.8611000000
    770.00 0.8615000000
    771.00 0.8624000000
    772.00 0.8604000000
    773.00 0.8616000000
    774.00 0.8617000000
    775.00 0.8609000000
    776.00 0.8594000000
    777.00 0.8623000000
    778.00 0.8611000000
    779.00 0.8599000000
    780.00 0.8591000000
    781.00 0.8591000000
    782.00 0.8599000000
    783.00 0.8567000000
    784.00 0.8569000000
    785.00 0.8575000000
    786.00 0.8583000000
    787.00 0.8570000000
    788.00 0.8570000000
    789.00 0.8582000000
    790.00 0.8589000000
    791.00 0.8576000000
    792.00 0.8572000000
    793.00 0.8547000000
    794.00 0.8572000000
    795.00 0.8556000000
    796.00 0.8554000000
    797.00 0.8553000000
    798.00 0.8555000000
    799.00 0.8548000000
    800.00 0.8617000000
