350.234 1602.923
350.497 1620.658
350.760 1641.536
351.022 1655.129
351.285 1677.864
351.548 1696.313
351.811 1715.048
352.074 1726.354
352.337 1740.089
352.600 1757.252
352.863 1780.272
353.125 1790.007
353.388 1806.170
353.651 1822.905
353.914 1844.782
354.177 1864.088
354.440 1883.394
354.703 1893.128
354.965 1919.720
355.228 1937.597
355.491 1957.617
355.754 1976.494
356.017 1997.942
356.280 2008.247
356.543 2031.981
356.805 2045.858
357.068 2065.449
357.331 2084.754
357.594 2109.917
357.857 2125.079
358.120 2145.384
358.383 2151.546
358.646 2172.566
358.908 2191.014
359.171 2207.176
359.434 2217.766
359.697 2235.357
359.960 2252.519
360.223 2269.681
360.486 2280.414
360.748 2294.861
361.011 2306.452
361.274 2321.756
361.537 2339.632
361.800 2356.937
362.063 2376.527
362.326 2396.974
362.588 2414.278
362.851 2429.440
363.114 2448.173
363.377 2461.334
363.640 2472.924
363.903 2492.228
364.166 2506.389
364.429 2518.122
364.691 2539.569
364.954 2555.444
365.217 2575.033
365.480 2595.623
365.743 2606.927
366.006 2631.659
366.269 2658.820
366.532 2683.838
366.795 2701.999
367.058 2720.159
367.321 2746.891
367.584 2771.909
367.847 2791.213
368.110 2817.373
368.372 2832.677
368.635 2854.123
368.898 2879.140
369.161 2898.729
369.424 2919.889
369.687 2942.335
369.950 2965.781
370.213 2996.799
370.476 3021.102
370.739 3042.262
371.002 3066.565
371.265 3093.725
371.528 3119.028
371.791 3132.473
372.054 3151.490
372.317 3179.650
372.580 3204.953
372.843 3232.398
373.106 3257.130
373.369 3278.004
373.632 3309.306
373.894 3336.609
374.157 3363.340
374.420 3392.070
374.683 3409.944
374.946 3430.818
375.209 3454.406
375.472 3474.708
375.735 3485.868
375.998 3495.027
376.261 3512.472
376.524 3533.488
376.787 3555.076
377.050 3572.378
377.313 3591.823
377.576 3616.696
377.839 3648.141
378.102 3669.014
378.365 3681.030
378.628 3702.475
378.891 3730.919
379.154 3752.507
379.417 3774.094
379.679 3793.824
379.942 3824.554
380.205 3861.142
380.468 3878.872
380.731 3894.173
380.994 3915.903
381.257 3946.205
381.520 3966.506
381.783 3983.664
382.046 4009.537
382.309 4040.695
382.572 4068.425
382.835 4099.155
383.098 4121.456
383.361 4152.614
383.624 4182.201
383.887 4212.359
384.150 4247.374
384.413 4284.104
384.676 4321.548
384.939 4359.706
385.201 4395.864
385.464 4431.307
385.727 4463.322
385.990 4501.337
386.253 4536.638
386.516 4570.225
386.779 4602.097
387.042 4652.111
387.305 4695.983
387.568 4737.141
387.831 4777.584
388.094 4820.885
388.357 4860.614
388.620 4909.629
388.883 4944.357
389.146 4981.229
389.409 5023.815
389.672 5068.258
389.935 5110.416
390.198 5158.144
390.461 5195.159
390.723 5231.030
390.986 5266.188
391.249 5306.059
391.512 5333.073
391.775 5363.119
392.038 5398.612
392.301 5429.694
392.564 5460.708
392.827 5497.865
393.090 5521.540
393.353 5554.289
393.616 5597.523
393.879 5621.608
394.142 5655.911
394.405 5693.810
394.668 5729.373
394.931 5767.381
395.194 5811.352
395.457 5845.102
395.720 5885.996
395.983 5930.545
396.245 5970.856
396.508 6004.916
396.771 6045.213
397.034 6072.492
397.297 6099.762
397.560 6136.818
397.823 6172.491
398.086 6212.317
398.349 6244.152
398.612 6275.681
398.875 6311.526
399.138 6356.789
399.401 6386.733
399.664 6419.802
399.927 6446.505
400.190 6492.800
400.453 6538.274
400.716 6580.417
400.979 6612.531
401.242 6657.620
401.505 6703.701
401.768 6745.989
402.030 6790.413
402.293 6833.788
402.556 6876.457
402.819 6919.868
403.082 6965.528
403.345 7007.392
403.608 7051.593
403.871 7083.426
404.134 7123.779
404.397 7179.343
404.660 7239.731
404.931 7279.722
405.202 7324.119
405.473 7375.801
405.745 7423.317
406.016 7475.536
406.287 7518.452
406.558 7548.137
406.829 7598.081
407.100 7640.846
407.371 7683.969
407.642 7742.232
407.914 7794.145
408.185 7845.166
408.456 7897.923
408.727 7956.655
408.998 8009.473
409.269 8072.111
409.540 8118.194
409.811 8162.754
410.083 8222.332
410.354 8287.564
410.625 8342.153
410.896 8403.206
411.167 8451.486
411.438 8504.933
411.709 8558.943
411.981 8595.983
412.252 8638.091
412.523 8678.552
412.794 8728.862
413.065 8779.598
413.336 8831.797
413.607 8869.816
413.878 8926.749
414.150 8980.263
414.421 9038.807
414.692 9079.660
414.963 9126.295
415.234 9179.298
415.505 9251.608
415.776 9299.064
416.047 9357.927
416.319 9402.628
416.590 9459.925
416.861 9506.156
417.132 9567.482
417.403 9612.275
417.674 9664.595
417.945 9699.379
418.217 9747.069
418.488 9793.482
418.759 9859.353
419.030 9897.376
419.301 9948.953
419.572 10002.891
419.843 10055.152
420.114 10120.813
420.386 10180.108
420.657 10223.604
420.928 10269.697
421.199 10320.706
421.470 10376.916
421.741 10446.536
422.012 10496.798
422.283 10557.640
422.555 10603.758
422.826 10668.491
423.097 10725.598
423.368 10779.682
423.639 10816.485
423.910 10861.334
424.181 10895.477
424.453 10972.515
424.724 11029.241
424.995 11093.145
425.266 11144.907
425.537 11213.574
425.808 11271.218
426.079 11327.333
426.350 11377.049
426.622 11441.350
426.893 11490.047
427.164 11547.068
427.435 11610.289
427.706 11677.593
427.977 11749.507
428.248 11801.457
428.519 11859.330
428.791 11921.766
429.062 11996.201
429.333 12072.768
429.604 12149.642
429.875 12218.270
430.146 12296.190
430.417 12367.701
430.689 12446.066
430.960 12523.064
431.231 12577.602
431.502 12636.624
431.773 12723.272
432.044 12787.943
432.315 12850.660
432.586 12928.273
432.858 12988.573
433.129 13065.604
433.400 13139.926
433.671 13191.016
433.942 13260.501
434.213 13339.877
434.484 13398.846
434.755 13465.120
435.027 13522.129
435.298 13589.740
435.569 13670.125
435.840 13750.567
436.114 13826.702
436.388 13888.891
436.663 13983.355
436.937 14074.123
437.211 14147.552
437.485 14217.027
437.759 14289.775
438.034 14354.081
438.308 14425.967
438.582 14485.349
438.856 14561.442
439.130 14640.073
439.405 14725.146
439.679 14806.636
439.953 14886.352
440.227 14978.916
440.501 15052.865
440.776 15123.055
441.050 15184.658
441.324 15254.072
441.598 15326.404
441.872 15411.932
442.147 15499.613
442.421 15576.951
442.695 15655.850
442.969 15745.499
443.244 15819.849
443.518 15882.324
443.792 15947.054
444.066 16016.793
444.340 16101.817
444.615 16178.669
444.889 16262.762
445.163 16344.276
445.437 16429.466
445.711 16530.092
445.986 16610.322
446.260 16688.170
446.534 16753.291
446.808 16824.585
447.082 16907.007
447.357 17007.469
447.631 17066.039
447.905 17144.126
448.179 17226.727
448.453 17315.693
448.728 17401.349
449.002 17485.779
449.276 17550.531
449.550 17631.826
449.824 17711.995
450.099 17790.568
450.373 17877.660
450.647 17978.509
450.921 18059.668
451.195 18161.180
451.470 18241.781
451.744 18323.322
452.018 18411.921
452.292 18492.579
452.566 18559.635
452.841 18639.126
453.115 18711.629
453.389 18823.495
453.663 18918.011
453.937 19022.425
454.212 19127.660
454.486 19230.143
454.760 19348.325
455.034 19462.924
455.308 19554.948
455.583 19630.360
455.857 19711.557
456.131 19805.665
456.405 19902.704
456.680 19973.935
456.954 20063.195
457.228 20163.031
457.502 20281.357
457.776 20372.553
458.051 20467.888
458.325 20561.183
458.599 20668.849
458.873 20771.940
459.147 20867.123
459.422 20968.000
459.696 21055.635
459.970 21161.879
460.244 21242.023
460.518 21334.187
460.793 21418.800
461.067 21508.164
461.341 21601.456
461.615 21715.611
461.889 21803.803
462.164 21918.909
462.438 22016.299
462.712 22124.025
462.986 22243.319
463.260 22332.085
463.535 22424.303
463.809 22533.606
464.083 22624.449
464.357 22711.703
464.631 22790.434
464.906 22865.196
465.180 22964.645
465.454 23071.450
465.728 23159.984
466.002 23262.113
466.277 23381.518
466.551 23481.396
466.825 23592.213
467.099 23693.432
467.373 23779.014
467.648 23875.302
467.922 23975.601
468.196 24060.384
468.470 24160.859
468.744 24243.283
469.019 24348.233
469.293 24445.050
469.567 24521.168
469.841 24597.337
470.116 24697.971
470.390 24793.314
470.664 24892.378
470.938 24986.992
471.212 25089.915
471.487 25198.002
471.761 25315.948
472.035 25415.041
472.309 25504.990
472.583 25606.164
472.858 25711.286
473.132 25806.921
473.406 25893.809
473.680 25989.071
473.954 26086.093
474.229 26199.289
474.503 26289.285
474.777 26368.447
475.051 26458.621
475.325 26579.206
475.600 26665.322
475.874 26763.794
476.148 26837.022
476.422 26919.971
476.696 27025.467
476.971 27131.263
477.245 27219.541
477.519 27330.123
477.793 27426.276
478.067 27551.946
478.342 27686.905
478.616 27777.601
478.890 27877.376
479.164 27984.914
479.438 28079.102
479.713 28182.705
479.987 28277.852
480.261 28356.127
480.535 28446.171
480.809 28545.361
481.084 28640.079
481.358 28763.480
481.632 28860.175
481.906 28969.387
482.180 29088.617
482.455 29210.011
482.729 29309.892
483.003 29408.722
483.277 29487.356
483.551 29591.532
483.826 29700.811
484.100 29792.008
484.374 29893.430
484.648 29998.659
484.923 30102.807
485.197 30205.440
485.471 30315.988
485.745 30417.398
486.019 30538.751
486.294 30656.959
486.568 30771.100
486.842 30902.106
487.116 31013.045
487.390 31120.457
487.665 31230.825
487.939 31326.868
488.213 31434.533
488.487 31549.860
488.761 31638.168
489.036 31745.247
489.310 31859.706
489.584 31952.493
489.858 32069.000
490.132 32178.082
490.407 32274.199
490.681 32368.498
490.955 32486.175
491.229 32579.266
491.503 32704.323
491.778 32815.207
492.052 32890.520
492.326 32988.263
492.600 33112.281
492.874 33212.832
493.149 33325.055
493.423 33415.629
493.697 33513.423
493.971 33623.621
494.245 33740.756
494.520 33849.150
494.794 33953.945
495.068 34055.065
495.342 34142.594
495.616 34234.136
495.891 34343.781
496.165 34415.556
496.439 34509.851
496.713 34607.300
496.987 34693.890
497.262 34810.861
497.536 34913.349
497.810 35015.668
498.084 35138.562
498.359 35234.009
498.633 35303.705
498.907 35402.968
499.181 35481.748
499.455 35570.922
499.730 35658.960
500.004 35741.760
500.278 35832.745
500.552 35947.780
500.826 36030.592
501.101 36130.233
501.375 36207.141
501.649 36292.576
501.923 36384.469
502.197 36458.525
502.472 36542.564
502.746 36638.287
503.020 36712.495
503.294 36796.822
503.568 36872.293
503.843 36964.145
504.117 37049.081
504.391 37130.620
504.665 37224.711
504.939 37339.046
505.214 37436.451
505.488 37534.791
505.762 37618.690
506.036 37727.003
506.310 37834.308
506.585 37937.185
506.859 38005.250
507.133 38102.420
507.407 38217.182
507.681 38334.516
507.956 38450.475
508.230 38540.929
508.504 38624.939
508.778 38737.595
509.052 38853.617
509.327 38966.256
509.601 39069.837
509.875 39177.684
510.149 39313.999
510.423 39457.855
510.698 39611.167
510.972 39748.277
511.246 39863.140
511.520 39992.219
511.795 40117.218
512.069 40262.920
512.343 40395.323
512.617 40483.563
512.891 40596.072
513.166 40731.225
513.440 40843.541
513.714 40973.397
513.988 41084.952
514.262 41187.350
514.537 41324.989
514.811 41457.359
515.085 41583.878
515.359 41724.744
515.633 41833.075
515.908 41932.443
516.182 42059.568
516.456 42168.324
516.730 42267.366
517.004 42385.001
517.279 42512.934
517.553 42621.846
517.827 42721.865
518.101 42829.889
518.375 42950.927
518.650 43067.885
518.924 43179.459
519.198 43275.781
519.472 43399.853
519.746 43537.676
520.021 43642.518
520.295 43746.470
520.569 43826.850
520.843 43895.293
521.117 43976.080
521.392 44061.929
521.666 44140.563
521.940 44262.358
522.214 44371.836
522.488 44496.197
522.763 44620.405
523.037 44728.858
523.311 44834.363
523.585 44956.131
523.859 45053.422
524.134 45149.057
524.408 45244.657
524.682 45356.887
524.956 45467.423
525.231 45572.981
525.505 45667.425
525.779 45771.146
526.053 45876.652
526.327 45981.460
526.602 46052.251
526.876 46168.688
527.150 46264.644
527.424 46381.967
527.698 46465.552
527.973 46573.736
528.247 46702.092
528.521 46805.460
528.795 46871.470
529.069 46975.112
529.344 47052.818
529.618 47153.098
529.892 47232.333
530.166 47285.654
530.440 47394.267
530.715 47498.214
530.989 47584.702
531.263 47668.901
531.537 47731.591
531.811 47822.919
532.086 47937.457
532.360 48002.973
532.634 48083.478
532.908 48191.094
533.182 48274.651
533.457 48377.374
533.731 48439.381
534.005 48509.437
534.279 48601.397
534.553 48686.544
534.828 48748.672
535.102 48839.109
535.376 48926.501
535.650 49028.073
535.924 49132.637
536.199 49228.641
536.473 49316.909
536.747 49419.275
537.021 49506.223
537.295 49615.673
537.570 49696.445
537.844 49769.103
538.118 49852.364
538.392 49929.444
538.666 49975.290
538.941 50021.857
539.215 50058.189
539.489 50133.532
539.763 50181.108
540.038 50249.367
540.312 50308.892
540.586 50391.115
540.860 50485.685
541.134 50574.921
541.409 50633.682
541.683 50681.251
541.957 50724.204
542.231 50785.926
542.505 50821.399
542.780 50879.838
543.054 50900.595
543.328 50963.943
543.602 51042.606
543.876 51102.286
544.151 51139.389
544.425 51222.962
544.699 51273.820
544.973 51355.962
545.247 51402.218
545.522 51435.780
545.796 51494.245
546.070 51578.725
546.351 51637.433
546.632 51694.025
546.912 51727.756
547.193 51782.625
547.474 51875.395
547.755 51934.568
548.036 51987.327
548.317 52035.616
548.597 52100.251
548.878 52187.727
549.159 52280.967
549.440 52320.593
549.721 52370.323
550.001 52410.083
550.282 52469.033
550.563 52520.766
550.844 52569.787
551.125 52611.131
551.406 52665.547
551.686 52736.330
551.967 52799.075
552.248 52858.417
552.529 52914.232
552.810 52965.506
553.090 52998.021
553.371 53079.616
553.652 53140.727
553.933 53213.552
554.214 53262.332
554.495 53292.720
554.775 53340.666
555.056 53404.826
555.337 53435.647
555.618 53492.749
555.899 53538.895
556.179 53590.347
556.460 53665.566
556.741 53733.560
557.022 53791.862
557.303 53865.743
557.584 53911.354
557.864 53992.473
558.145 54080.655
558.426 54160.962
558.707 54218.702
558.988 54291.448
559.268 54344.768
559.549 54396.500
559.830 54423.643
560.111 54469.330
560.392 54514.742
560.673 54561.446
560.953 54599.712
561.234 54649.131
561.515 54720.959
561.796 54786.667
562.077 54825.516
562.357 54875.680
562.638 54929.701
562.919 55004.654
563.200 55067.465
563.481 55135.760
563.762 55198.580
564.042 55268.688
564.323 55346.373
564.604 55428.159
564.885 55454.261
565.166 55517.781
565.446 55547.222
565.727 55567.721
566.008 55615.187
566.289 55633.728
566.570 55666.929
566.851 55724.972
567.131 55780.215
567.412 55844.197
567.693 55921.493
567.974 55961.942
568.255 56020.388
568.535 56074.230
568.816 56133.820
569.097 56179.765
569.378 56243.553
569.659 56293.032
569.940 56360.896
570.220 56427.533
570.501 56497.478
570.782 56564.886
571.063 56601.109
571.344 56628.359
571.624 56693.263
571.905 56757.544
572.186 56826.537
572.467 56890.640
572.748 56951.683
573.029 57025.952
573.309 57097.319
573.590 57138.007
573.871 57149.494
574.152 57188.135
574.433 57210.322
574.713 57261.001
574.994 57295.971
575.275 57339.687
575.556 57383.702
575.837 57452.765
576.118 57477.396
576.398 57528.054
576.679 57540.105
576.960 57579.063
577.245 57615.287
577.531 57654.839
577.816 57703.182
578.102 57757.060
578.387 57772.672
578.672 57812.795
578.958 57852.273
579.243 57910.378
579.529 57979.371
579.814 58014.262
580.099 58057.868
580.385 58122.519
580.670 58185.952
580.956 58239.820
581.241 58268.531
581.526 58298.370
581.812 58356.650
582.097 58395.615
582.382 58429.578
582.668 58474.287
582.953 58516.795
583.239 58573.937
583.524 58620.761
583.809 58685.887
584.095 58738.488
584.380 58796.061
584.666 58828.555
584.951 58881.198
585.236 58936.038
585.522 58998.346
585.807 59011.860
586.093 59075.962
586.378 59141.629
586.663 59185.450
586.949 59232.115
587.234 59270.430
587.520 59295.441
587.805 59312.083
588.090 59321.950
588.376 59342.004
588.661 59368.974
588.947 59371.656
589.232 59375.392
589.517 59406.211
589.803 59446.342
590.088 59476.927
590.374 59498.519
590.659 59554.121
590.944 59631.146
591.230 59698.211
591.515 59749.183
591.800 59802.687
592.086 59843.627
592.371 59897.130
592.657 59892.049
592.942 59891.066
593.227 59890.508
593.513 59883.951
593.798 59899.448
594.084 59927.963
594.369 59927.246
594.654 59982.630
594.940 60023.709
595.225 60043.454
595.511 60075.167
595.796 60082.308
596.081 60092.261
596.367 60093.259
596.652 60123.628
596.938 60127.098
597.223 60162.978
597.508 60195.438
597.794 60239.960
598.079 60278.910
598.365 60328.425
598.650 60352.121
598.935 60394.426
599.221 60419.286
599.506 60443.571
599.792 60462.856
600.077 60474.741
600.362 60503.407
600.648 60525.679
600.933 60539.475
601.218 60548.004
601.504 60554.392
601.789 60577.757
602.075 60593.026
602.360 60613.498
602.645 60632.284
602.931 60647.923
603.216 60683.428
603.502 60721.630
603.787 60747.194
604.072 60770.027
604.358 60785.240
604.643 60808.018
604.929 60852.939
605.214 60885.322
605.499 60909.466
605.785 60957.941
606.070 60989.214
606.356 61007.119
606.641 61000.015
606.926 61005.135
607.212 61007.559
607.497 61003.004
607.783 60998.901
608.068 61030.408
608.353 61057.606
608.639 61091.191
608.924 61120.155
609.210 61150.820
609.495 61181.783
609.780 61216.989
610.066 61230.665
610.351 61255.866
610.636 61278.779
610.922 61290.424
611.207 61284.670
611.493 61327.838
611.778 61344.199
612.063 61364.491
612.349 61420.133
612.634 61473.606
612.920 61506.786
613.205 61562.759
613.490 61591.641
613.776 61624.734
614.061 61653.476
614.347 61646.579
614.632 61658.061
614.917 61665.964
615.203 61689.809
615.488 61698.867
615.774 61720.528
616.059 61744.474
616.344 61784.613
616.630 61816.882
616.915 61866.586
617.201 61907.146
617.486 61957.310
617.771 61976.829
618.057 62008.030
618.342 62026.299
618.627 62039.973
618.913 62073.068
619.198 62087.576
619.484 62104.758
619.769 62140.462
620.054 62186.359
620.340 62201.925
620.625 62234.395
620.911 62276.854
621.196 62322.258
621.481 62348.443
621.767 62381.571
622.052 62433.989
622.338 62502.852
622.623 62567.449
622.908 62598.592
623.194 62648.864
623.479 62694.560
623.765 62733.489
624.050 62735.866
624.335 62768.006
624.621 62786.409
624.906 62819.058
625.192 62823.210
625.477 62839.370
625.762 62886.147
626.048 62944.316
626.333 63004.638
626.619 63076.552
626.904 63125.019
627.189 63198.141
627.475 63282.586
627.760 63331.100
628.045 63382.932
628.331 63435.008
628.616 63465.090
628.902 63510.189
629.187 63539.929
629.472 63565.289
629.758 63584.432
630.043 63614.300
630.329 63615.072
630.614 63633.221
630.899 63633.195
631.185 63652.576
631.470 63670.948
631.756 63676.845
632.041 63676.086
632.326 63671.565
632.612 63681.866
632.897 63691.150
633.183 63673.963
633.468 63642.700
633.753 63630.929
634.039 63611.377
634.324 63619.273
634.610 63601.080
634.895 63577.470
635.180 63554.648
635.466 63540.959
635.751 63490.772
636.037 63428.795
636.322 63359.250
636.607 63267.276
636.893 63175.350
637.178 63092.563
637.463 63027.258
637.749 62970.680
638.034 62915.073
638.320 62819.360
638.605 62751.929
638.890 62713.022
639.176 62641.298
639.461 62552.621
639.747 62483.726
640.032 62401.728
640.317 62333.555
640.603 62265.851
640.888 62200.322
641.174 62152.309
641.459 62085.783
641.744 62022.455
642.030 61960.913
642.315 61920.252
642.601 61855.072
642.886 61781.355
643.171 61707.966
643.457 61647.647
643.742 61580.719
644.028 61532.591
644.313 61454.074
644.598 61387.664
644.884 61324.089
645.169 61277.653
645.455 61232.689
645.740 61175.445
646.025 61110.398
646.311 61085.824
646.596 61059.478
646.881 61034.375
647.167 60999.930
647.452 60961.293
647.738 60937.603
648.023 60919.697
648.308 60881.461
648.594 60837.829
648.879 60784.527
649.165 60753.673
649.450 60714.003
649.735 60682.664
650.021 60645.512
650.306 60609.270
650.592 60587.787
650.877 60581.134
651.162 60553.784
651.448 60528.158
651.733 60495.720
652.019 60476.036
652.304 60451.902
652.589 60426.145
652.875 60401.588
653.160 60380.381
653.446 60376.113
653.731 60358.121
654.016 60335.774
654.302 60325.310
654.587 60322.186
654.873 60290.088
655.158 60273.915
655.443 60252.306
655.729 60254.347
656.014 60250.951
656.299 60245.788
656.585 60236.004
656.870 60241.873
657.156 60217.681
657.441 60208.055
657.726 60193.696
658.012 60192.131
658.297 60170.126
658.583 60151.126
658.868 60148.759
659.153 60157.658
659.439 60148.027
659.724 60123.925
660.010 60110.776
660.295 60124.649
660.580 60123.065
660.866 60128.508
661.151 60110.531
661.437 60094.442
661.722 60097.999
662.007 60095.869
662.293 60107.777
662.578 60127.177
662.864 60120.686
663.149 60158.792
663.434 60182.568
663.720 60205.330
664.005 60217.011
664.290 60204.239
664.576 60198.742
664.861 60204.554
665.147 60185.141
665.432 60190.082
665.717 60204.056
666.003 60202.571
666.288 60196.465
666.574 60191.074
666.859 60172.936
667.144 60164.314
667.430 60164.775
667.715 60150.369
668.001 60120.159
668.286 60109.825
668.571 60116.090
668.857 60105.001
669.142 60102.697
669.428 60105.766
669.713 60123.314
669.998 60140.252
670.284 60157.836
670.569 60143.826
670.855 60156.346
671.140 60148.269
671.425 60126.373
671.711 60096.330
671.996 60063.912
672.282 60052.887
672.567 60062.427
672.852 60072.176
673.138 60090.470
673.423 60089.261
673.708 60095.065
673.994 60127.717
674.279 60109.702
674.565 60094.228
674.850 60067.746
675.135 60033.696
675.421 59989.437
675.706 59949.453
675.992 59909.154
676.277 59900.016
676.562 59868.913
676.848 59836.942
677.133 59833.193
677.419 59830.901
677.704 59813.681
677.989 59809.433
678.275 59769.895
678.560 59733.145
678.846 59756.060
679.131 59717.934
679.416 59689.636
679.702 59691.712
679.987 59642.942
680.273 59641.631
680.558 59635.281
680.843 59545.965
681.129 59490.648
681.414 59464.910
681.700 59367.690
681.985 59336.033
682.270 59273.622
682.556 59212.899
682.841 59182.566
683.126 59153.644
683.412 59115.006
683.697 59110.117
683.983 59069.805
684.268 59026.154
684.553 58961.973
684.839 58915.961
685.124 58881.195
685.410 58813.170
685.695 58768.448
685.980 58730.003
686.266 58698.984
686.551 58654.502
686.837 58575.157
687.122 58495.116
687.407 58456.665
687.693 58388.712
687.978 58319.533
688.264 58249.583
688.549 58225.584
688.834 58204.494
689.120 58183.699
689.405 58143.712
689.691 58095.999
689.976 58060.170
690.261 58025.365
690.547 57972.746
690.832 57913.924
691.118 57850.756
691.403 57784.921
691.688 57751.809
691.974 57658.418
692.259 57594.170
692.544 57530.016
692.830 57475.106
693.115 57429.081
693.401 57389.199
693.686 57335.875
693.971 57304.094
694.257 57224.057
694.542 57174.217
694.828 57115.127
695.113 57033.259
695.398 56962.106
695.684 56891.531
695.969 56843.084
696.255 56823.546
696.540 56781.759
696.830 56765.695
697.120 56752.092
697.410 56706.936
697.699 56649.332
697.989 56623.531
698.279 56569.112
698.569 56520.731
698.859 56465.102
699.149 56393.003
699.439 56331.762
699.729 56278.778
700.018 56195.275
700.308 56120.493
700.598 56045.747
700.888 55968.592
701.178 55902.030
701.468 55850.507
701.758 55788.686
702.048 55742.032
702.337 55673.347
702.627 55617.773
702.917 55552.407
703.207 55501.904
703.497 55450.680
703.787 55398.646
704.077 55328.426
704.366 55298.816
704.656 55252.045
704.946 55195.631
705.236 55147.295
705.526 55067.272
705.816 55003.120
706.106 54942.739
706.396 54862.930
706.685 54794.363
706.975 54732.591
707.265 54671.167
707.555 54653.600
707.845 54605.358
708.135 54553.609
708.425 54508.297
708.715 54448.500
709.004 54399.198
709.294 54330.986
709.584 54261.355
709.874 54221.365
710.164 54170.581
710.454 54112.399
710.744 54054.780
711.034 53988.505
711.323 53920.280
711.613 53857.577
711.903 53758.182
712.193 53677.654
712.483 53597.569
712.773 53532.167
713.063 53477.863
713.352 53443.762
713.642 53353.373
713.932 53279.529
714.222 53220.769
714.512 53163.038
714.802 53099.088
715.092 53028.472
715.382 52927.984
715.671 52862.906
715.961 52784.420
716.251 52698.279
716.541 52617.486
716.831 52556.649
717.121 52483.506
717.411 52434.939
717.701 52371.676
717.990 52324.725
718.280 52260.872
718.570 52199.685
718.860 52092.220
719.150 52009.055
719.440 51911.829
719.730 51832.959
720.019 51718.891
720.309 51612.109
720.599 51504.754
720.889 51404.058
721.179 51336.195
721.469 51237.628
721.759 51151.367
722.049 51097.774
722.338 51008.724
722.628 50897.680
722.918 50797.931
723.208 50656.136
723.498 50556.408
723.788 50438.162
724.078 50305.995
724.368 50195.823
724.657 50130.373
724.947 50065.776
725.237 49996.199
725.527 49910.258
725.817 49841.288
726.107 49783.576
726.397 49749.810
726.686 49679.806
726.976 49605.676
727.266 49546.771
727.556 49505.224
727.846 49421.786
728.136 49351.568
728.426 49245.745
728.716 49188.393
729.005 49113.429
729.295 49029.682
729.585 48930.462
729.875 48830.535
730.165 48751.361
730.455 48697.612
730.745 48586.838
731.035 48517.472
731.324 48433.578
731.614 48362.151
731.904 48313.096
732.194 48227.659
732.484 48160.142
732.774 48098.797
733.064 48015.359
733.354 47964.472
733.643 47894.039
733.933 47824.086
734.223 47777.583
734.513 47709.910
734.803 47637.774
735.093 47569.599
735.383 47447.498
735.672 47395.525
735.962 47304.734
736.252 47197.345
736.542 47110.667
736.832 47052.593
737.122 46978.258
737.412 46902.788
737.702 46788.902
737.991 46704.069
738.281 46620.125
738.571 46516.992
738.861 46410.564
739.151 46318.758
739.441 46263.421
739.731 46170.024
740.021 46088.479
740.310 46020.631
740.600 45947.998
740.890 45867.737
741.180 45792.855
741.470 45716.262
741.760 45655.018
742.050 45563.067
742.339 45469.013
742.629 45382.477
742.919 45298.768
743.209 45189.109
743.499 45094.613
743.789 45017.221
744.079 44959.026
744.369 44893.867
744.658 44815.134
744.948 44742.513
745.238 44667.373
745.528 44583.918
745.818 44482.269
746.108 44411.449
746.398 44326.118
746.688 44262.893
746.977 44173.069
747.267 44082.527
747.557 43983.198
747.847 43901.551
748.137 43789.112
748.427 43705.389
748.717 43618.309
749.006 43538.311
749.296 43475.315
749.586 43425.466
749.876 43345.508
750.166 43277.998
750.456 43178.726
750.746 43108.439
751.036 43050.556
751.325 42980.272
751.615 42875.812
751.905 42793.613
752.195 42709.172
752.485 42630.592
752.775 42510.904
753.065 42409.937
753.355 42315.777
753.644 42230.053
753.934 42146.113
754.224 42047.565
754.514 41956.296
754.804 41901.610
755.094 41773.107
755.384 41686.951
755.674 41627.896
755.963 41562.954
756.253 41491.342
756.543 41428.760
756.833 41348.697
757.123 41306.624
757.413 41232.618
757.703 41142.349
757.992 41034.216
758.282 40962.575
758.572 40872.162
758.862 40766.598
759.152 40661.141
759.442 40569.152
759.732 40465.987
760.022 40387.293
760.311 40286.998
760.601 40200.724
760.891 40103.623
761.181 39999.455
761.471 39891.788
761.761 39795.570
762.051 39695.541
762.341 39595.667
762.630 39508.137
762.920 39451.913
763.210 39401.407
763.500 39333.151
763.796 39273.055
764.093 39222.638
764.389 39156.977
764.686 39083.850
764.982 38969.537
765.279 38873.547
765.575 38771.553
765.872 38670.918
766.168 38580.754
766.465 38507.963
766.761 38413.636
767.058 38345.977
767.354 38263.363
767.651 38181.127
767.947 38077.950
768.244 37977.880
768.540 37877.809
768.837 37787.495
769.133 37714.738
769.430 37623.751
769.726 37567.089
770.023 37510.687
770.319 37421.211
770.616 37345.062
770.912 37294.030
771.209 37179.598
771.505 37089.157
771.801 36991.730
772.098 36903.628
772.394 36840.012
772.691 36754.901
772.987 36641.319
773.284 36567.877
773.580 36513.015
773.877 36440.627
774.173 36385.275
774.470 36288.139
774.766 36211.647
775.063 36120.942
775.359 36042.454
775.656 35935.945
775.952 35837.044
776.249 35719.272
776.545 35639.761
776.842 35544.904
777.138 35480.999
777.435 35365.772
777.731 35300.126
778.028 35231.174
778.324 35161.116
778.621 35098.499
778.917 35013.163
779.214 34913.524
779.510 34843.815
779.806 34750.213
780.103 34678.691
780.399 34603.288
780.696 34497.248
780.992 34405.936
781.289 34319.750
781.585 34261.268
781.882 34183.039
782.178 34084.682
782.475 33999.226
782.771 33907.475
783.068 33841.545
783.364 33771.664
783.661 33668.700
783.957 33597.359
784.254 33504.540
784.550 33425.433
784.847 33348.590
785.143 33277.195
785.440 33208.569
785.736 33136.908
786.033 33039.822
786.329 32975.742
786.626 32881.973
786.922 32808.008
787.219 32722.294
787.515 32645.420
787.811 32587.868
788.108 32542.088
788.404 32462.961
788.701 32403.820
788.997 32331.400
789.294 32239.664
789.590 32155.472
789.887 32078.658
790.183 32008.366
790.480 31950.718
790.776 31904.993
791.073 31846.170
791.369 31805.787
791.666 31766.413
791.962 31709.563
792.259 31628.243
792.555 31549.326
792.852 31444.441
793.148 31370.625
793.445 31315.618
793.741 31254.593
794.038 31187.599
794.334 31160.469
794.631 31120.526
794.927 31082.993
795.224 31038.781
795.520 30982.610
795.816 30920.060
796.113 30863.528
796.409 30771.913
796.706 30711.859
797.002 30663.158
797.299 30612.875
797.595 30545.558
797.892 30468.138
798.188 30413.442
798.485 30333.349
798.781 30270.677
799.078 30210.093
799.374 30141.503
799.671 30079.238
799.967 30027.193
