350.234 357.623
350.497 354.481
350.760 353.767
351.022 352.625
351.285 353.197
351.548 352.768
351.811 357.055
352.074 358.484
352.337 361.484
352.600 371.056
352.863 382.628
353.125 385.914
353.388 392.629
353.651 397.058
353.914 406.915
354.177 415.344
354.440 419.345
354.703 423.202
354.965 432.202
355.228 442.489
355.491 452.203
355.754 451.061
356.017 453.918
356.280 458.347
356.543 460.776
356.805 461.063
357.068 459.063
357.331 452.349
357.594 455.349
357.857 455.636
358.120 452.350
358.383 445.922
358.646 440.208
358.908 434.351
359.171 434.066
359.434 428.781
359.697 424.067
359.960 427.353
360.223 432.211
360.486 445.782
360.748 457.354
361.011 466.640
361.274 477.926
361.537 490.641
361.800 507.213
362.063 524.356
362.326 549.785
362.588 578.928
362.851 625.643
363.114 696.786
363.377 827.501
363.640 1265.644
363.903 2428.073
364.166 4561.216
364.429 7777.931
364.691 12008.789
364.954 17063.646
365.217 22435.361
365.480 27568.933
365.743 31891.219
366.006 35062.505
366.269 36863.362
366.532 37183.506
366.795 36092.363
367.058 34018.221
367.321 31297.650
367.584 28100.364
367.847 24547.365
368.110 20806.651
368.372 17130.937
368.635 13738.937
368.898 10752.080
369.161 8190.938
369.424 6093.795
369.687 4450.510
369.950 3244.367
370.213 2400.511
370.476 1821.082
370.739 1427.797
371.002 1175.083
371.265 1015.512
371.528 911.798
371.791 836.941
372.054 778.799
372.317 725.514
372.580 684.657
372.843 642.371
373.106 600.086
373.369 567.658
373.632 541.230
373.894 517.087
374.157 495.802
374.420 475.659
374.683 456.802
374.946 449.374
375.209 437.232
375.472 421.803
375.735 412.947
375.998 409.518
376.261 405.519
376.524 406.662
376.787 399.662
377.050 390.520
377.313 388.663
377.576 382.235
377.839 379.664
378.102 381.235
378.365 382.093
378.628 388.093
378.891 405.236
379.154 420.094
379.417 431.237
379.679 440.095
379.942 445.095
380.205 444.381
380.468 443.810
380.731 438.810
380.994 434.239
381.257 433.239
381.520 432.240
381.783 429.240
382.046 424.526
382.309 416.669
382.572 409.098
382.835 404.670
383.098 403.099
383.361 392.956
383.624 384.528
383.887 377.385
384.150 378.529
384.413 374.672
384.676 363.672
384.939 356.672
385.201 356.958
385.464 356.244
385.727 363.245
385.990 363.102
386.253 366.103
386.516 372.389
386.779 367.960
387.042 367.532
387.305 366.675
387.568 364.390
387.831 368.390
388.094 371.390
388.357 374.391
388.620 379.962
388.883 385.820
389.146 404.963
389.409 433.106
389.672 472.964
389.935 527.678
390.198 592.107
390.461 667.822
390.723 742.108
390.986 806.965
391.249 845.108
391.512 859.252
391.775 862.797
392.038 850.046
392.301 816.046
392.564 776.332
392.827 724.332
393.090 683.304
393.353 647.134
393.616 600.104
393.879 557.660
394.142 523.538
394.405 491.050
394.668 461.246
394.931 436.149
395.194 412.190
395.457 402.015
395.720 398.232
395.983 396.020
396.245 389.527
396.508 395.163
396.771 400.811
397.034 409.961
397.297 422.326
397.560 428.644
397.823 439.255
398.086 460.407
398.349 466.628
398.612 478.676
398.875 487.572
399.138 485.047
399.401 490.720
399.664 492.589
399.927 492.220
400.190 501.104
400.453 505.484
400.716 509.510
400.979 521.853
401.242 529.370
401.505 537.672
401.768 553.767
402.030 576.217
402.293 609.274
402.556 659.085
402.819 837.079
403.082 1658.934
403.345 3300.617
403.608 5741.817
403.871 8902.967
404.134 12670.204
404.397 16484.843
404.660 19841.480
404.931 22219.579
405.202 23510.728
405.473 23725.672
405.745 22916.388
406.016 21284.405
406.287 19437.829
406.558 17798.012
406.829 16351.976
407.100 15054.118
407.371 13861.146
407.642 12705.193
407.914 11483.750
408.185 10188.330
408.456 8872.832
408.727 7596.983
408.998 6375.669
409.269 5262.561
409.540 4356.319
409.811 3694.776
410.083 3218.552
410.354 2847.405
410.625 2540.687
410.896 2267.312
411.167 2005.662
411.438 1771.507
411.709 1549.747
411.981 1358.593
412.252 1201.936
412.523 1071.282
412.794 971.854
413.065 912.275
413.336 872.554
413.607 848.737
413.878 828.263
414.150 803.514
414.421 788.619
414.692 769.731
414.963 753.250
415.234 739.773
415.505 722.518
415.776 710.432
416.047 708.557
416.319 700.518
416.590 698.424
416.861 696.392
417.132 696.219
417.403 705.456
417.674 708.619
417.945 711.219
418.217 718.581
418.488 721.038
418.759 725.826
419.030 733.016
419.301 728.642
419.572 730.108
419.843 729.535
420.114 727.562
420.386 735.755
420.657 735.780
420.928 730.608
421.199 734.553
421.470 742.233
421.741 751.315
422.012 758.306
422.283 762.109
422.555 766.276
422.826 781.227
423.097 791.775
423.368 802.784
423.639 808.615
423.910 824.215
424.181 832.238
424.453 846.657
424.724 855.078
424.995 859.067
425.266 862.780
425.537 870.977
425.808 874.717
426.079 880.169
426.350 888.141
426.622 897.502
426.893 915.232
427.164 932.296
427.435 945.311
427.706 960.625
427.977 987.773
428.248 1009.273
428.519 1032.404
428.791 1055.800
429.062 1076.474
429.333 1108.542
429.604 1137.862
429.875 1158.620
430.146 1191.310
430.417 1221.295
430.689 1253.329
430.960 1286.048
431.231 1308.042
431.502 1337.755
431.773 1368.972
432.044 1395.614
432.315 1443.093
432.586 1544.526
432.858 1725.244
433.129 2030.493
433.400 2542.309
433.671 3282.409
433.942 4244.568
434.213 5718.057
434.484 9309.811
434.755 15312.222
435.027 23179.610
435.298 31596.428
435.569 39778.770
435.840 47729.440
436.114 55150.367
436.388 60394.879
436.663 62965.005
436.937 63096.242
437.211 62015.067
437.485 60371.892
437.759 57605.557
438.034 53970.315
438.308 49804.694
438.582 45267.978
438.856 40577.473
439.130 35721.459
439.405 30855.820
439.679 26503.728
439.953 22405.954
440.227 18382.336
440.501 14641.254
440.776 11352.213
441.050 8569.826
441.324 6310.350
441.598 4626.266
441.872 3520.015
442.147 2851.211
442.421 2446.527
442.695 2173.996
442.969 1996.247
443.244 1866.218
443.518 1765.510
443.792 1694.263
444.066 1630.299
444.340 1575.563
444.615 1527.519
444.889 1494.063
445.163 1458.871
445.437 1428.173
445.711 1404.283
445.986 1389.363
446.260 1370.885
446.534 1356.431
446.808 1339.725
447.082 1328.363
447.357 1318.454
447.631 1306.722
447.905 1290.043
448.179 1280.344
448.453 1277.225
448.728 1263.817
449.002 1250.607
449.276 1246.364
449.550 1233.456
449.824 1228.714
450.099 1217.328
450.373 1205.554
450.647 1199.453
450.921 1196.787
451.195 1186.311
451.470 1184.744
451.744 1181.947
452.018 1170.072
452.292 1166.422
452.566 1163.675
452.841 1158.535
453.115 1159.614
453.389 1150.218
453.663 1138.273
453.937 1145.620
454.212 1139.061
454.486 1141.667
454.760 1147.068
455.034 1148.677
455.308 1158.024
455.583 1165.737
455.857 1169.472
456.131 1175.620
456.405 1179.726
456.680 1176.113
456.954 1175.199
457.228 1180.840
457.502 1186.682
457.776 1187.798
458.051 1194.281
458.325 1195.910
458.599 1201.737
458.873 1206.588
459.147 1202.552
459.422 1199.046
459.696 1190.651
459.970 1187.525
460.244 1186.051
460.518 1180.143
460.793 1170.318
461.067 1171.942
461.341 1177.517
461.615 1183.604
461.889 1185.021
462.164 1190.422
462.438 1196.967
462.712 1203.778
462.986 1202.795
463.260 1200.980
463.535 1209.717
463.809 1220.089
464.083 1217.376
464.357 1219.831
464.631 1224.454
464.906 1239.605
465.180 1248.109
465.454 1252.675
465.728 1250.720
466.002 1257.522
466.277 1259.568
466.551 1264.564
466.825 1262.410
467.099 1268.056
467.373 1274.774
467.648 1281.351
467.922 1290.347
468.196 1306.031
468.470 1311.540
468.744 1315.368
469.019 1319.977
469.293 1318.415
469.567 1323.987
469.841 1327.045
470.116 1319.181
470.390 1324.138
470.664 1325.932
470.938 1321.122
471.212 1317.769
471.487 1317.577
471.761 1317.290
472.035 1325.254
472.309 1324.525
472.583 1322.922
472.858 1328.804
473.132 1334.635
473.406 1337.696
473.680 1343.954
473.954 1354.133
474.229 1355.978
474.503 1359.186
474.777 1361.599
475.051 1368.487
475.325 1373.328
475.600 1373.741
475.874 1373.766
476.148 1384.817
476.422 1391.682
476.696 1396.884
476.971 1392.944
477.245 1396.218
477.519 1401.426
477.793 1394.482
478.067 1391.929
478.342 1399.096
478.616 1405.229
478.890 1416.140
479.164 1413.510
479.438 1407.114
479.713 1416.724
479.987 1422.702
480.261 1418.921
480.535 1420.917
480.809 1423.429
481.084 1431.008
481.358 1439.404
481.632 1445.166
481.906 1450.334
482.180 1458.169
482.455 1458.989
482.729 1462.733
483.003 1470.136
483.277 1478.259
483.551 1482.873
483.826 1480.145
484.100 1480.191
484.374 1486.488
484.648 1492.210
484.923 1490.384
485.197 1493.051
485.471 1497.397
485.745 1508.363
486.019 1521.905
486.294 1525.395
486.568 1536.503
486.842 1548.958
487.116 1556.570
487.390 1556.969
487.665 1558.001
487.939 1559.181
488.213 1561.127
488.487 1558.891
488.761 1562.305
489.036 1567.896
489.310 1580.249
489.584 1590.786
489.858 1596.742
490.132 1608.508
490.407 1628.317
490.681 1682.130
490.955 1769.804
491.229 1890.375
491.503 2045.638
491.778 2216.282
492.052 2374.140
492.326 2503.316
492.600 2580.209
492.874 2608.205
493.149 2581.371
493.423 2524.064
493.697 2439.955
493.971 2352.616
494.245 2281.635
494.520 2207.962
494.794 2148.910
495.068 2117.982
495.342 2086.092
495.616 2084.400
495.891 2098.487
496.165 2108.206
496.439 2129.508
496.713 2141.452
496.987 2133.263
497.262 2116.834
497.536 2081.674
497.810 2039.684
498.084 1991.059
498.359 1950.939
498.633 1919.896
498.907 1884.044
499.181 1854.240
499.455 1830.706
499.730 1815.932
500.004 1805.890
500.278 1798.293
500.552 1780.897
500.826 1776.481
501.101 1773.356
501.375 1761.005
501.649 1743.386
501.923 1738.422
502.197 1722.186
502.472 1717.155
502.746 1715.139
503.020 1713.026
503.294 1716.450
503.568 1719.921
503.843 1718.385
504.117 1727.469
504.391 1738.432
504.665 1746.926
504.939 1748.689
505.214 1759.480
505.488 1763.878
505.762 1770.771
506.036 1775.771
506.310 1772.217
506.585 1772.016
506.859 1776.261
507.133 1780.402
507.407 1779.341
507.681 1777.411
507.956 1778.176
508.230 1780.571
508.504 1785.060
508.778 1799.542
509.052 1793.197
509.327 1799.633
509.601 1800.369
509.875 1802.429
510.149 1810.023
510.423 1813.647
510.698 1807.595
510.972 1816.583
511.246 1824.278
511.520 1837.120
511.795 1846.586
512.069 1851.542
512.343 1860.754
512.617 1871.728
512.891 1873.279
513.166 1881.278
513.440 1890.328
513.714 1886.366
513.988 1891.154
514.262 1894.768
514.537 1896.030
514.811 1896.939
515.085 1895.472
515.359 1897.278
515.633 1903.508
515.908 1906.228
516.182 1905.171
516.456 1900.396
516.730 1911.043
517.004 1916.344
517.279 1912.442
517.553 1917.157
517.827 1919.123
518.101 1920.109
518.375 1932.799
518.650 1936.422
518.924 1935.210
519.198 1943.401
519.472 1945.737
519.746 1954.445
520.021 1963.028
520.295 1961.088
520.569 1959.157
520.843 1969.984
521.117 1971.426
521.392 1982.910
521.666 1983.477
521.940 1988.156
522.214 1989.302
522.488 1997.645
522.763 1999.058
523.037 2005.563
523.311 2005.276
523.585 2004.993
523.859 2006.828
524.134 2017.426
524.408 2014.884
524.682 2016.014
524.956 2025.331
525.231 2029.428
525.505 2038.322
525.779 2046.517
526.053 2052.751
526.327 2069.863
526.602 2077.506
526.876 2072.020
527.150 2078.408
527.424 2084.253
527.698 2090.081
527.973 2099.051
528.247 2104.085
528.521 2120.739
528.795 2138.083
529.069 2146.671
529.344 2156.974
529.618 2165.028
529.892 2171.918
530.166 2178.105
530.440 2183.201
530.715 2189.885
530.989 2193.404
531.263 2202.185
531.537 2209.000
531.811 2217.894
532.086 2227.870
532.360 2226.821
532.634 2234.500
532.908 2248.548
533.182 2252.876
533.457 2260.503
533.731 2274.201
534.005 2281.431
534.279 2297.106
534.553 2307.033
534.828 2315.789
535.102 2340.712
535.376 2369.346
535.650 2389.707
535.924 2430.349
536.199 2484.734
536.473 2541.571
536.747 2605.243
537.021 2671.041
537.295 2740.737
537.570 2812.164
537.844 2879.629
538.118 2941.737
538.392 2992.454
538.666 3030.655
538.941 3045.791
539.215 3050.693
539.489 3047.958
539.763 3032.822
540.038 3007.137
540.312 2993.285
540.586 2972.395
540.860 2970.521
541.134 2972.539
541.409 2971.531
541.683 2965.512
541.957 2963.379
542.231 2951.310
542.505 2943.307
542.780 2923.374
543.054 2908.304
543.328 2918.647
543.602 2939.458
543.876 2979.316
544.151 3097.748
544.425 3971.702
544.699 7437.660
544.973 13590.998
545.247 21623.659
545.522 30268.953
545.796 38938.460
546.070 47474.826
546.351 55011.410
546.632 59419.982
546.912 60668.649
547.193 59374.877
547.474 56949.068
547.755 54063.732
548.036 50782.618
548.317 47217.106
548.597 43580.766
548.878 39845.037
549.159 36319.005
549.440 32967.015
549.721 29829.112
550.001 27079.891
550.282 24812.248
550.563 22974.689
550.844 21459.282
551.125 20099.529
551.406 18722.092
551.686 17118.302
551.967 15204.324
552.248 13085.090
552.529 10980.251
552.810 9024.798
553.090 7294.788
553.371 5894.499
553.652 4891.845
553.933 4239.004
554.214 3831.885
554.495 3582.224
554.775 3416.197
555.056 3305.526
555.337 3205.197
555.618 3133.283
555.899 3080.843
556.179 3038.861
556.460 3006.621
556.741 2981.729
557.022 2949.119
557.303 2934.783
557.584 2922.511
557.864 2912.890
558.145 2903.673
558.426 2887.967
558.707 2874.070
558.988 2865.543
559.268 2852.114
559.549 2836.999
559.830 2832.590
560.111 2831.783
560.392 2822.713
560.673 2813.621
560.953 2807.393
561.234 2808.275
561.515 2793.743
561.796 2777.864
562.077 2761.986
562.357 2754.471
562.638 2745.439
562.919 2738.059
563.200 2726.675
563.481 2725.170
563.762 2711.458
564.042 2697.798
564.323 2697.684
564.604 2696.557
564.885 2690.948
565.166 2689.269
565.446 2689.835
565.727 2695.838
566.008 2695.919
566.289 2687.428
566.570 2693.699
566.851 2695.994
567.131 2702.100
567.412 2715.856
567.693 2721.526
567.974 2726.904
568.255 2741.226
568.535 2735.008
568.816 2740.121
569.097 2737.011
569.378 2726.475
569.659 2728.267
569.940 2735.394
570.220 2735.478
570.501 2737.481
570.782 2739.912
571.063 2750.242
571.344 2761.165
571.624 2775.103
571.905 2789.700
572.186 2812.925
572.467 2846.359
572.748 2880.141
573.029 2909.987
573.309 2938.133
573.590 2973.268
573.871 3021.361
574.152 3065.724
574.433 3139.543
574.713 3243.921
574.994 3411.240
575.275 3822.342
575.556 5027.929
575.837 7343.053
576.118 10618.198
576.398 14642.321
576.679 19067.646
576.960 23223.557
577.245 26686.416
577.531 29325.787
577.816 31452.251
578.102 33333.346
578.387 35083.493
578.672 36848.656
578.958 38801.442
579.243 40636.039
579.529 41855.330
579.814 41909.409
580.099 40740.716
580.385 38570.000
580.670 35703.001
580.956 32649.826
581.241 29956.447
581.526 27689.006
581.812 25775.105
582.097 24071.499
582.382 22462.099
582.668 20848.115
582.953 19201.754
583.239 17531.229
583.524 15903.096
583.809 14378.878
584.095 13054.712
584.380 11896.617
584.666 10886.769
584.951 9983.650
585.236 9188.136
585.522 8407.526
585.807 7620.662
586.093 6860.386
586.378 6145.141
586.663 5500.651
586.949 4966.591
587.234 4549.242
587.520 4276.606
587.805 4093.682
588.090 3972.413
588.376 3883.207
588.661 3830.785
588.947 3790.196
589.232 3758.609
589.517 3722.732
589.803 3703.256
590.088 3676.982
590.374 3666.986
590.659 3642.638
590.944 3629.585
591.230 3622.601
591.515 3638.394
591.800 3672.531
592.086 3739.857
592.371 3831.796
592.657 3966.899
592.942 4140.332
593.227 4347.719
593.513 4592.604
593.798 4874.791
594.084 5176.489
594.369 5482.538
594.654 5748.156
594.940 5944.259
595.225 6073.501
595.511 6119.005
595.796 6076.087
596.081 5943.415
596.367 5761.746
596.652 5560.978
596.938 5371.860
597.223 5192.112
597.508 5025.928
597.794 4865.613
598.079 4726.809
598.365 4598.853
598.650 4475.371
598.935 4352.169
599.221 4241.363
599.506 4141.816
599.792 4057.034
600.077 3984.499
600.362 3901.878
600.648 3833.420
600.933 3761.064
601.218 3681.407
601.504 3599.068
601.789 3514.170
602.075 3431.413
602.360 3371.001
602.645 3308.679
602.931 3260.065
603.216 3223.853
603.502 3199.571
603.787 3190.908
604.072 3188.947
604.358 3180.987
604.643 3181.384
604.929 3184.795
605.214 3192.921
605.499 3203.179
605.785 3211.914
606.070 3223.324
606.356 3241.278
606.641 3252.792
606.926 3279.658
607.212 3311.846
607.497 3362.193
607.783 3418.062
608.068 3500.401
608.353 3609.120
608.639 3748.356
608.924 3900.643
609.210 4066.722
609.495 4220.310
609.780 4369.301
610.066 4494.931
610.351 4586.676
610.636 4651.360
610.922 4696.630
611.207 4723.201
611.493 4746.249
611.778 4774.056
612.063 4812.664
612.349 4876.781
612.634 4956.692
612.920 5066.137
613.205 5213.898
613.490 5421.476
613.776 5718.920
614.061 6128.784
614.347 6687.611
614.632 7422.814
614.917 8309.168
615.203 9313.103
615.488 10339.097
615.774 11273.788
616.059 12039.239
616.344 12558.080
616.630 12826.134
616.915 12873.182
617.201 12768.647
617.486 12621.115
617.771 12553.250
618.057 12666.391
618.342 13056.156
618.627 13731.927
618.913 14680.909
619.198 15808.096
619.484 16992.233
619.769 18101.932
620.054 19015.204
620.340 19589.211
620.625 19811.736
620.911 19666.269
621.196 19192.293
621.481 18509.934
621.767 17688.389
622.052 16805.869
622.338 15944.370
622.623 15087.947
622.908 14233.158
623.194 13426.055
623.479 12622.255
623.765 11863.010
624.050 11141.175
624.335 10488.125
624.621 9920.197
624.906 9433.841
625.192 8999.929
625.477 8632.551
625.762 8303.885
626.048 8011.751
626.333 7701.636
626.619 7366.413
626.904 7020.176
627.189 6657.843
627.475 6302.958
627.760 5951.076
628.045 5614.713
628.331 5319.024
628.616 5056.204
628.902 4840.706
629.187 4673.959
629.472 4518.488
629.758 4394.398
630.043 4304.273
630.329 4219.235
630.614 4158.956
630.899 4096.631
631.185 4026.368
631.470 3969.275
631.756 3926.506
632.041 3860.502
632.326 3814.698
632.612 3766.561
632.897 3719.707
633.183 3683.997
633.468 3641.169
633.753 3591.169
634.039 3557.972
634.324 3514.495
634.610 3468.114
634.895 3436.134
635.180 3407.135
635.466 3381.535
635.751 3351.386
636.037 3322.939
636.322 3300.455
636.607 3286.791
636.893 3261.383
637.178 3237.189
637.463 3220.024
637.749 3204.866
638.034 3190.592
638.320 3177.809
638.605 3161.604
638.890 3144.019
639.176 3131.938
639.461 3121.234
639.747 3116.473
640.032 3101.040
640.317 3084.957
640.603 3062.444
640.888 3058.176
641.174 3048.252
641.459 3033.273
641.744 3019.458
642.030 3017.557
642.315 3009.109
642.601 3008.306
642.886 2998.182
643.171 2990.607
643.457 2981.988
643.742 2973.918
644.028 2964.721
644.313 2963.235
644.598 2957.611
644.884 2951.021
645.169 2946.629
645.455 2952.361
645.740 2956.696
646.025 2960.871
646.311 2960.637
646.596 2963.994
646.881 2972.697
647.167 2977.953
647.452 2981.811
647.738 2989.084
648.023 2991.692
648.308 2994.042
648.594 3010.206
648.879 3024.975
649.165 3040.567
649.450 3057.227
649.735 3072.100
650.021 3092.152
650.306 3121.475
650.592 3134.659
650.877 3144.981
651.162 3157.321
651.448 3173.446
651.733 3183.168
652.019 3191.542
652.304 3196.633
652.589 3208.528
652.875 3215.120
653.160 3220.372
653.446 3215.991
653.731 3217.458
654.016 3211.585
654.302 3211.449
654.587 3197.041
654.873 3188.050
655.158 3177.719
655.443 3166.981
655.729 3155.020
656.014 3150.263
656.299 3132.864
656.585 3123.622
656.870 3108.690
657.156 3095.098
657.441 3072.122
657.726 3046.555
658.012 3023.304
658.297 2999.644
658.583 2975.289
658.868 2969.037
659.153 2951.610
659.439 2952.146
659.724 2942.718
660.010 2929.050
660.295 2922.303
660.580 2915.145
660.866 2896.673
661.151 2887.330
661.437 2868.042
661.722 2858.305
662.007 2850.721
662.293 2850.245
662.578 2837.131
662.864 2828.296
663.149 2819.128
663.434 2811.705
663.720 2809.575
664.005 2803.230
664.290 2788.943
664.576 2788.508
664.861 2786.419
665.147 2788.629
665.432 2789.447
665.717 2784.050
666.003 2781.095
666.288 2781.912
666.574 2778.388
666.859 2767.250
667.144 2758.619
667.430 2752.294
667.715 2751.574
668.001 2753.108
668.286 2745.681
668.571 2747.557
668.857 2751.510
669.142 2749.523
669.428 2744.033
669.713 2739.596
669.998 2735.308
670.284 2739.990
670.569 2736.695
670.855 2739.572
671.140 2738.932
671.425 2742.340
671.711 2741.023
671.996 2736.658
672.282 2736.137
672.567 2736.897
672.852 2738.190
673.138 2730.954
673.423 2723.987
673.708 2715.676
673.994 2713.088
674.279 2702.339
674.565 2686.725
674.850 2677.316
675.135 2685.593
675.421 2685.651
675.706 2688.737
675.992 2690.316
676.277 2690.565
676.562 2695.441
676.848 2689.037
677.133 2679.927
677.419 2671.881
677.704 2670.314
677.989 2663.702
678.275 2658.558
678.560 2666.293
678.846 2669.163
679.131 2670.225
679.416 2669.723
679.702 2660.808
679.987 2654.805
680.273 2655.513
680.558 2650.268
680.843 2644.227
681.129 2636.315
681.414 2629.405
681.700 2626.927
681.985 2623.959
682.270 2617.888
682.556 2607.493
682.841 2604.250
683.126 2596.602
683.412 2600.614
683.697 2604.200
683.983 2602.056
684.268 2590.510
684.553 2587.995
684.839 2582.585
685.124 2587.160
685.410 2588.463
685.695 2585.279
685.980 2589.652
686.266 2595.090
686.551 2592.570
686.837 2588.004
687.122 2578.429
687.407 2573.591
687.693 2572.894
687.978 2565.642
688.264 2560.504
688.549 2559.572
688.834 2564.658
689.120 2573.943
689.405 2575.247
689.691 2580.758
689.976 2609.730
690.261 2645.843
690.547 2689.870
690.832 2731.597
691.118 2770.282
691.403 2811.556
691.688 2839.522
691.974 2850.434
692.259 2848.839
692.544 2830.457
692.830 2816.693
693.115 2809.569
693.401 2794.630
693.686 2788.710
693.971 2785.862
694.257 2784.769
694.542 2792.043
694.828 2805.535
695.113 2809.348
695.398 2834.020
695.684 2868.097
695.969 2900.512
696.255 2954.789
696.540 3023.066
696.830 3101.370
697.120 3215.714
697.410 3352.636
697.699 3518.073
697.989 3708.845
698.279 3916.256
698.569 4112.705
698.859 4294.252
699.149 4429.785
699.439 4519.370
699.729 4546.041
700.018 4527.731
700.308 4461.670
700.598 4374.371
700.888 4266.523
701.178 4166.348
701.468 4076.806
701.758 4009.061
702.048 3959.371
702.337 3931.666
702.627 3914.788
702.917 3910.170
703.207 3937.299
703.497 3972.797
703.787 4016.968
704.077 4067.343
704.366 4111.174
704.656 4150.107
704.946 4183.997
705.236 4176.632
705.526 4153.691
705.816 4103.950
706.106 4038.784
706.396 3946.006
706.685 3856.261
706.975 3760.906
707.265 3658.031
707.555 3559.241
707.845 3474.131
708.135 3384.389
708.425 3317.530
708.715 3248.107
709.004 3181.571
709.294 3131.802
709.584 3075.966
709.874 3021.745
710.164 2973.168
710.454 2927.088
710.744 2874.273
711.034 2835.580
711.323 2797.474
711.613 2767.797
711.903 2739.111
712.193 2709.642
712.483 2678.862
712.773 2656.200
713.063 2631.411
713.352 2598.599
713.642 2561.181
713.932 2525.080
714.222 2492.527
714.512 2462.326
714.802 2439.266
715.092 2413.419
715.382 2394.550
715.671 2377.327
715.961 2365.707
716.251 2353.421
716.541 2336.118
716.831 2325.722
717.121 2317.422
717.411 2303.623
717.701 2299.965
717.990 2294.114
718.280 2291.929
718.570 2284.402
718.860 2279.140
719.150 2268.971
719.440 2270.752
719.730 2260.160
720.019 2252.703
720.309 2237.406
720.599 2241.255
720.889 2228.294
721.179 2221.166
721.469 2207.516
721.759 2200.648
722.049 2188.506
722.338 2193.465
722.628 2183.010
722.918 2185.118
723.208 2183.351
723.498 2191.842
723.788 2198.647
724.078 2196.873
724.368 2183.430
724.657 2175.035
724.947 2172.758
725.237 2161.091
725.527 2150.419
725.817 2140.154
726.107 2136.195
726.397 2136.232
726.686 2132.106
726.976 2125.418
727.266 2129.829
727.556 2120.154
727.846 2112.620
728.136 2111.056
728.426 2105.623
728.716 2108.597
729.005 2111.847
729.295 2119.759
729.585 2143.734
729.875 2167.757
730.165 2194.054
730.455 2215.673
730.745 2239.232
731.035 2253.731
731.324 2252.622
731.614 2249.214
731.904 2241.509
732.194 2227.465
732.484 2221.211
732.774 2207.578
733.064 2194.216
733.354 2187.962
733.643 2178.306
733.933 2170.474
734.223 2163.580
734.513 2155.153
734.803 2145.213
735.093 2139.348
735.383 2132.497
735.672 2119.717
735.962 2106.098
736.252 2096.167
736.542 2086.237
736.832 2082.109
737.122 2066.220
737.412 2059.553
737.702 2051.458
737.991 2047.203
738.281 2041.250
738.571 2032.596
738.861 2028.051
739.151 2032.301
739.441 2017.554
739.731 2016.133
740.021 2012.303
740.310 1999.671
740.600 1998.111
740.890 1983.221
741.180 1971.311
741.470 1972.155
741.760 1964.913
742.050 1955.267
742.339 1946.187
742.629 1938.668
742.919 1930.316
743.209 1923.791
743.499 1916.542
743.789 1911.288
744.079 1908.296
744.369 1912.682
744.658 1910.129
744.948 1912.239
745.238 1911.517
745.528 1909.514
745.818 1909.360
746.108 1908.210
746.398 1901.233
746.688 1895.796
746.977 1890.484
747.267 1882.064
747.557 1877.333
747.847 1872.483
748.137 1865.619
748.427 1865.155
748.717 1861.131
749.006 1862.658
749.296 1863.919
749.586 1863.491
749.876 1859.486
750.166 1857.207
750.456 1852.507
750.746 1853.666
751.036 1851.385
751.325 1845.780
751.615 1843.146
751.905 1838.343
752.195 1834.077
752.485 1828.089
752.775 1816.146
753.065 1807.929
753.355 1807.307
753.644 1802.135
753.934 1798.989
754.224 1791.615
754.514 1789.643
754.804 1787.719
755.094 1788.977
755.384 1783.512
755.674 1772.135
755.963 1760.041
756.253 1756.784
756.543 1748.267
756.833 1743.501
757.123 1735.448
757.413 1730.975
757.703 1730.115
757.992 1732.733
758.282 1730.870
758.572 1726.428
758.862 1727.289
759.152 1723.564
759.442 1720.125
759.732 1725.140
760.022 1726.497
760.311 1729.613
760.601 1731.246
760.891 1723.357
761.181 1720.061
761.471 1710.412
761.761 1697.324
762.051 1687.045
762.341 1681.636
762.630 1684.159
762.920 1679.856
763.210 1677.614
763.500 1678.714
763.796 1680.865
764.093 1672.155
764.389 1651.396
764.686 1636.526
764.982 1630.072
765.279 1617.496
765.575 1608.652
765.872 1599.560
766.168 1598.698
766.465 1604.872
766.761 1603.723
767.058 1601.744
767.354 1600.333
767.651 1598.638
767.947 1595.395
768.244 1588.647
768.540 1589.222
768.837 1587.329
769.133 1584.144
769.430 1590.487
769.726 1591.665
770.023 1585.850
770.319 1582.825
770.616 1576.839
770.912 1570.313
771.209 1563.209
771.505 1560.941
771.801 1557.745
772.098 1563.082
772.394 1569.283
772.691 1567.042
772.987 1566.874
773.284 1574.481
773.580 1564.108
773.877 1556.755
774.173 1553.880
774.470 1550.722
774.766 1549.491
775.063 1545.137
775.359 1538.425
775.656 1534.789
775.952 1527.749
776.249 1520.966
776.545 1512.131
776.842 1504.593
777.138 1498.063
777.435 1491.665
777.731 1488.545
778.028 1488.760
778.324 1483.801
778.621 1484.441
778.917 1478.224
779.214 1477.395
779.510 1469.777
779.806 1467.450
780.103 1460.889
780.399 1453.990
780.696 1447.646
780.992 1443.895
781.289 1446.102
781.585 1442.985
781.882 1437.811
782.178 1436.825
782.475 1439.469
782.771 1431.799
783.068 1433.725
783.364 1427.436
783.661 1427.261
783.957 1429.522
784.254 1430.243
784.550 1420.120
784.847 1423.506
785.143 1420.027
785.440 1413.024
785.736 1405.500
786.033 1396.559
786.329 1394.482
786.626 1393.677
786.922 1387.502
787.219 1381.890
787.515 1377.810
787.811 1377.887
788.108 1377.616
788.404 1368.842
788.701 1367.571
788.997 1363.936
789.294 1364.148
789.590 1365.804
789.887 1366.486
790.183 1360.078
790.480 1356.602
790.776 1351.128
791.073 1344.047
791.369 1336.776
791.666 1322.162
791.962 1312.957
792.259 1311.338
792.555 1306.206
792.852 1309.576
793.148 1312.399
793.445 1309.442
793.741 1314.158
794.038 1316.887
794.334 1317.904
794.631 1314.021
794.927 1305.617
795.224 1300.436
795.520 1294.750
795.816 1292.808
796.113 1288.513
796.409 1281.399
796.706 1283.480
797.002 1282.549
797.299 1277.869
797.595 1281.020
797.892 1276.824
798.188 1276.310
798.485 1276.708
798.781 1278.690
799.078 1274.601
799.374 1274.672
799.671 1269.855
799.967 1274.587
