350.234 1534.987
350.497 1521.419
350.760 1508.280
351.022 1490.426
351.285 1475.001
351.548 1466.719
351.811 1444.151
352.074 1422.011
352.337 1402.872
352.600 1402.875
352.863 1417.879
353.125 1451.596
353.388 1501.457
353.651 1566.460
353.914 1641.892
354.177 1719.896
354.440 1797.328
354.703 1896.474
354.965 2019.048
355.228 2158.623
355.491 2333.912
355.754 2566.916
356.017 2906.919
356.280 3356.922
356.543 3947.497
356.805 4693.929
357.068 5583.503
357.331 6552.507
357.594 7551.510
357.857 8491.085
358.120 9337.088
358.383 10000.520
358.646 10423.523
358.908 10598.240
359.171 10530.101
359.434 10222.961
359.697 9727.107
359.960 9083.967
360.223 8425.971
360.486 7805.117
360.748 7260.405
361.011 6857.266
361.274 6630.983
361.537 6536.129
361.800 6581.704
362.063 6727.707
362.326 6946.424
362.588 7221.142
362.851 7551.716
363.114 7969.434
363.377 8524.722
363.640 9366.297
363.903 10707.300
364.166 12702.732
364.429 15391.306
364.691 18716.452
364.954 22547.598
365.217 26733.601
365.480 30878.747
365.743 34546.607
366.006 37438.896
366.269 39423.041
366.532 40298.187
366.795 40064.333
367.058 38764.336
367.321 36586.625
367.584 33704.056
367.847 30338.774
368.110 26631.062
368.372 22897.922
368.635 19311.354
368.898 16054.500
369.161 13213.788
369.424 10845.934
369.687 8910.794
369.950 7405.225
370.213 6258.514
370.476 5405.517
370.739 4791.806
371.002 4335.951
371.265 4003.954
371.528 3756.814
371.791 3571.674
372.054 3436.820
372.317 3325.680
372.580 3215.111
372.843 3123.971
373.106 3032.974
373.369 2950.405
373.632 2865.408
373.894 2782.268
374.157 2705.271
374.420 2630.417
374.683 2555.134
374.946 2482.422
375.209 2416.568
375.472 2351.713
375.735 2285.145
375.998 2229.433
376.261 2176.864
376.524 2125.867
376.787 2086.298
377.050 2053.015
377.313 2026.732
377.576 2011.306
377.839 1997.738
378.102 1993.169
378.365 2008.600
378.628 2024.746
378.891 2043.891
379.154 2065.037
379.417 2079.468
379.679 2092.614
379.942 2105.902
380.205 2114.190
380.468 2120.479
380.731 2125.624
380.994 2122.627
381.257 2124.201
381.520 2136.632
381.783 2148.349
382.046 2164.066
382.309 2183.783
382.572 2214.642
382.835 2251.073
383.098 2293.505
383.361 2333.079
383.624 2368.510
383.887 2400.655
384.150 2426.372
384.413 2434.803
384.676 2448.806
384.939 2462.951
385.201 2468.811
385.464 2477.099
385.727 2495.387
385.990 2516.390
386.253 2541.964
386.516 2568.680
386.779 2590.397
387.042 2610.114
387.305 2635.402
387.568 2649.119
387.831 2675.978
388.094 2712.267
388.357 2739.555
388.620 2778.271
388.883 2846.417
389.146 2994.276
389.409 3296.850
389.672 3853.424
389.935 4763.141
390.198 6117.000
390.461 7903.717
390.723 10062.148
390.986 12456.150
391.249 14905.724
391.512 17214.012
391.775 19199.228
392.038 20805.704
392.301 21968.460
392.564 22660.890
392.827 22936.893
393.090 22826.355
393.353 22384.000
393.616 21647.231
393.879 20603.365
394.142 19322.155
394.405 17891.864
394.668 16353.530
394.931 14822.849
395.194 13321.455
395.457 11940.130
395.720 10690.315
395.983 9574.806
396.245 8595.472
396.508 7752.881
396.771 7026.331
397.034 6423.388
397.297 5927.320
397.560 5522.871
397.823 5215.544
398.086 5040.862
398.349 5020.911
398.612 5162.303
398.875 5477.870
399.138 5918.742
399.401 6454.196
399.664 7004.644
399.927 7509.754
400.190 7949.504
400.453 8391.518
400.716 8931.662
400.979 9704.890
401.242 10790.970
401.505 12305.142
401.768 14242.801
402.030 16475.259
402.293 18785.864
402.556 20954.519
402.819 22925.471
403.082 24895.775
403.345 26900.710
403.608 28946.779
403.871 31160.703
404.134 33655.170
404.397 36273.837
404.660 38702.854
404.931 40629.497
405.202 41871.685
405.473 42323.779
405.745 41869.103
406.016 40580.945
406.287 38724.563
406.558 36624.086
406.829 34425.108
407.100 32337.344
407.371 30458.005
407.642 28890.100
407.914 27522.007
408.185 26307.977
408.456 25185.615
408.727 24063.311
408.998 22841.096
409.269 21540.661
409.540 20142.905
409.811 18718.938
410.083 17332.078
410.354 15979.354
410.625 14690.449
410.896 13449.370
411.167 12262.698
411.438 11169.847
411.709 10197.044
411.981 9381.088
412.252 8739.391
412.523 8319.462
412.794 8132.482
413.065 8155.332
413.336 8331.847
413.607 8670.853
413.878 9126.347
414.150 9658.192
414.421 10199.652
414.692 10720.934
414.963 11276.255
415.234 11870.578
415.505 12414.200
415.776 12911.838
416.047 13361.775
416.319 13725.552
416.590 13926.447
416.861 13914.058
417.132 13720.589
417.403 13384.551
417.674 12885.245
417.945 12250.875
418.217 11534.318
418.488 10817.686
418.759 10124.128
419.030 9447.419
419.301 8812.956
419.572 8241.396
419.843 7743.411
420.114 7316.684
420.386 6967.940
420.657 6716.863
420.928 6560.694
421.199 6465.527
421.470 6444.101
421.741 6497.918
422.012 6591.931
422.283 6773.648
422.555 7022.877
422.826 7350.748
423.097 7842.020
423.368 8568.992
423.639 9496.236
423.910 10591.235
424.181 11785.619
424.453 13039.426
424.724 14138.025
424.995 14967.002
425.266 15430.197
425.537 15527.775
425.808 15299.372
426.079 14758.279
426.350 13937.016
426.622 13053.548
426.893 12142.239
427.164 11238.014
427.435 10367.424
427.706 9563.370
427.977 8841.256
428.248 8218.494
428.519 7669.467
428.791 7215.844
429.062 6833.347
429.333 6539.545
429.604 6316.302
429.875 6206.314
430.146 6238.430
430.417 6447.168
430.689 6861.022
430.960 7502.739
431.231 8333.661
431.502 9277.517
431.773 10281.654
432.044 11226.069
432.315 12028.079
432.586 12624.298
432.858 12952.907
433.129 13042.774
433.400 12988.998
433.671 12792.408
433.942 12559.542
434.213 12543.516
434.484 13353.377
434.755 15388.410
435.027 18755.367
435.298 23395.987
435.569 29135.671
435.840 35465.775
436.114 41717.534
436.388 47167.039
436.663 51395.867
436.937 54148.117
437.211 55303.778
437.485 54915.810
437.759 53320.084
438.034 51001.260
438.308 48114.572
438.582 44805.551
438.856 41223.011
439.130 37553.786
439.405 33934.450
439.679 30564.404
439.953 27408.197
440.227 24514.043
440.501 21845.745
440.776 19445.677
441.050 17347.867
441.324 15565.466
441.598 14066.318
441.872 12844.646
442.147 11858.756
442.421 11058.909
442.695 10400.382
442.969 9836.013
443.244 9336.042
443.518 8856.605
443.792 8448.556
444.066 8073.244
444.340 7727.149
444.615 7394.617
444.889 7066.783
445.163 6760.696
445.437 6481.256
445.711 6218.907
445.986 5968.642
446.260 5737.823
446.534 5529.814
446.808 5329.982
447.082 5146.526
447.357 4994.464
447.631 4856.834
447.905 4742.631
448.179 4640.776
448.453 4558.378
448.728 4484.151
449.002 4413.079
449.276 4351.230
449.550 4284.553
449.824 4224.201
450.099 4174.008
450.373 4122.472
450.647 4092.786
450.921 4066.787
451.195 4031.347
451.470 4003.867
451.744 3994.236
452.018 3981.633
452.292 3989.495
452.566 4000.616
452.841 4018.763
453.115 4051.867
453.389 4123.095
453.663 4203.991
453.937 4323.291
454.212 4447.766
454.486 4594.027
454.760 4753.812
455.034 4918.148
455.308 5059.159
455.583 5193.505
455.857 5306.211
456.131 5386.548
456.405 5447.076
456.680 5510.243
456.954 5564.487
457.228 5616.592
457.502 5657.104
457.776 5661.732
458.051 5660.561
458.325 5636.024
458.599 5580.051
458.873 5511.427
459.147 5438.104
459.422 5351.822
459.696 5286.061
459.970 5247.093
460.244 5214.912
460.518 5200.011
460.793 5185.551
461.067 5155.245
461.341 5101.225
461.615 5022.093
461.889 4897.115
462.164 4757.481
462.438 4577.118
462.712 4390.805
462.986 4198.700
463.260 4018.049
463.535 3845.698
463.809 3705.895
464.083 3579.547
464.357 3479.014
464.631 3382.526
464.906 3304.304
465.180 3251.024
465.454 3220.685
465.728 3188.566
466.002 3193.090
466.277 3232.874
466.551 3306.698
466.825 3404.257
467.099 3523.768
467.373 3654.750
467.648 3821.755
467.922 3958.200
468.196 4075.348
468.470 4161.944
468.744 4222.938
469.019 4256.031
469.293 4261.926
469.567 4244.808
469.841 4279.322
470.116 4357.232
470.390 4505.776
470.664 4729.285
470.938 5040.656
471.212 5421.561
471.487 5837.073
471.761 6312.761
472.035 6950.541
472.309 7813.224
472.583 9033.342
472.858 10774.394
473.132 13242.179
473.406 16530.664
473.680 20496.802
473.954 24850.755
474.229 29317.282
474.503 33538.457
474.777 37038.470
475.051 39472.836
475.325 40768.552
475.600 40911.580
475.874 40006.590
476.148 38221.000
476.422 35795.790
476.696 33053.062
476.971 30253.645
477.245 27506.944
477.519 24942.153
477.793 22673.300
478.067 20733.688
478.342 19045.547
478.616 17563.199
478.890 16218.963
479.164 14902.445
479.438 13585.440
479.713 12258.376
479.987 10944.259
480.261 9725.186
480.535 8631.458
480.809 7658.121
481.084 6816.178
481.358 6126.319
481.632 5569.210
481.906 5138.202
482.180 4824.496
482.455 4635.422
482.729 4560.673
483.003 4618.905
483.277 4777.465
483.551 5025.958
483.826 5355.526
484.100 5736.740
484.374 6112.695
484.648 6463.657
484.923 6737.293
485.197 6926.309
485.471 7028.648
485.745 7006.236
486.019 6872.274
486.294 6663.784
486.568 6392.997
486.842 6082.326
487.116 5764.305
487.390 5464.983
487.665 5201.151
487.939 4973.010
488.213 4786.383
488.487 4646.463
488.761 4529.884
489.036 4424.489
489.310 4307.364
489.584 4190.113
489.858 4088.887
490.132 4028.839
490.407 3993.212
490.681 3996.879
490.955 4036.628
491.229 4125.112
491.503 4236.326
491.778 4351.095
492.052 4439.643
492.326 4523.794
492.600 4591.948
492.874 4641.272
493.149 4671.635
493.423 4711.101
493.697 4741.971
493.971 4759.893
494.245 4781.506
494.520 4836.599
494.794 4906.476
495.068 5001.577
495.342 5105.592
495.616 5213.648
495.891 5311.761
496.165 5360.274
496.439 5373.824
496.713 5374.983
496.987 5386.290
497.262 5451.823
497.536 5609.960
497.810 5844.215
498.084 6196.064
498.359 6607.344
498.633 7056.104
498.907 7467.892
499.181 7810.784
499.455 8043.126
499.730 8166.832
500.004 8142.278
500.278 7995.315
500.552 7742.474
500.826 7448.228
501.101 7124.636
501.375 6816.957
501.649 6593.883
501.923 6444.086
502.197 6388.303
502.472 6402.922
502.746 6446.138
503.020 6503.308
503.294 6551.082
503.568 6531.862
503.843 6460.020
504.117 6302.223
504.391 6100.977
504.665 5861.731
504.939 5590.797
505.214 5329.513
505.488 5161.895
505.762 5143.392
506.036 5415.959
506.310 6000.222
506.585 6909.538
506.859 8165.157
507.133 10057.350
507.407 12879.708
507.681 16803.506
507.956 21691.512
508.230 27299.547
508.504 33247.172
508.778 39114.013
509.052 44278.465
509.327 48281.529
509.601 50871.938
509.875 52037.306
510.149 51898.311
510.423 50723.924
510.698 48871.572
510.972 46566.467
511.246 43881.006
511.520 40898.652
511.795 37727.570
512.069 34486.371
512.343 31353.676
512.617 28330.494
512.891 25525.587
513.166 22977.791
513.440 20641.654
513.714 18436.133
513.988 16340.026
514.262 14314.681
514.537 12443.456
514.811 10742.391
515.085 9226.850
515.359 7921.006
515.633 6822.866
515.908 5939.995
516.182 5240.271
516.456 4690.714
516.730 4231.935
517.004 3848.631
517.279 3526.642
517.553 3266.251
517.827 3039.056
518.101 2856.203
518.375 2692.912
518.650 2565.895
518.924 2472.830
519.198 2386.219
519.472 2315.404
519.746 2295.397
520.021 2340.983
520.295 2462.006
520.569 2654.371
520.843 2955.665
521.117 3347.583
521.392 3775.350
521.666 4202.585
521.940 4582.378
522.214 4867.615
522.488 5050.512
522.763 5102.920
523.037 5041.689
523.311 4925.374
523.585 4754.376
523.859 4539.618
524.134 4324.576
524.408 4123.712
524.682 3967.445
524.956 3876.537
525.231 3843.331
525.505 3872.553
525.779 3950.977
526.053 4042.966
526.327 4113.411
526.602 4131.558
526.876 4092.846
527.150 3996.888
527.424 3890.236
527.698 3797.066
527.973 3752.092
528.247 3768.430
528.521 3821.413
528.795 3870.797
529.069 3930.471
529.344 3948.040
529.618 3920.734
529.892 3875.917
530.166 3812.733
530.440 3723.424
530.715 3650.449
530.989 3567.457
531.263 3476.866
531.537 3385.939
531.811 3277.890
532.086 3184.617
532.360 3126.068
532.634 3121.956
532.908 3217.256
533.182 3440.512
533.457 3811.072
533.731 4423.505
534.005 5267.449
534.279 6363.246
534.553 7720.040
534.828 9234.479
535.102 10731.985
535.376 12168.586
535.650 13296.309
535.924 14042.860
536.199 14463.160
536.473 14518.429
536.747 14293.997
537.021 13954.535
537.295 13460.467
537.570 12929.996
537.844 12469.711
538.118 12057.511
538.392 11676.639
538.666 11336.003
538.941 11044.523
539.215 10804.651
539.489 10594.484
539.763 10358.071
540.038 10033.541
540.312 9654.327
540.586 9197.444
540.860 8655.136
541.134 8107.349
541.409 7580.565
541.683 7109.760
541.957 6716.650
542.231 6406.954
542.505 6183.380
542.780 6042.432
543.054 5991.036
543.328 6103.340
543.602 6365.989
543.876 6775.011
544.151 7353.146
544.425 8414.588
544.699 10744.797
544.973 14637.479
545.247 19978.834
545.522 26580.175
545.796 33857.050
546.070 41095.667
546.351 47735.632
546.632 52908.542
546.912 56299.009
547.193 58116.901
547.474 58593.436
547.755 58218.852
548.036 57542.502
548.317 56495.842
548.597 54935.239
548.878 52845.262
549.159 50079.881
549.440 46723.089
549.721 43046.982
550.001 39382.442
550.282 36112.867
550.563 33518.975
550.844 31645.640
551.125 30407.674
551.406 29602.582
551.686 28936.991
551.967 28095.530
552.248 27004.568
552.529 25649.743
552.810 24038.974
553.090 22266.441
553.371 20454.433
553.652 18735.084
553.933 17176.963
554.214 15770.934
554.495 14454.842
554.775 13218.360
555.056 12098.401
555.337 11064.178
555.618 10109.346
555.899 9291.357
556.179 8613.240
556.460 8082.930
556.741 7641.130
557.022 7243.377
557.303 6862.341
557.584 6490.907
557.864 6139.786
558.145 5810.000
558.426 5511.743
558.707 5269.004
558.988 5078.745
559.268 4916.508
559.549 4768.482
559.830 4623.697
560.111 4476.570
560.392 4325.187
560.673 4172.274
560.953 4014.768
561.234 3881.501
561.515 3769.463
561.796 3665.234
562.077 3574.634
562.357 3489.290
562.638 3411.513
562.919 3343.998
563.200 3291.797
563.481 3274.288
563.762 3287.381
564.042 3329.838
564.323 3411.333
564.604 3517.034
564.885 3649.146
565.166 3785.328
565.446 3963.695
565.727 4385.606
566.008 5247.542
566.289 6530.789
566.570 8195.443
566.851 10201.502
567.131 12426.466
567.412 14904.098
567.693 17435.533
567.974 19813.047
568.255 22030.426
568.535 24168.616
568.816 26182.283
569.097 28108.649
569.378 29773.297
569.659 31276.565
569.940 32618.152
570.220 33689.846
570.501 34497.554
570.782 35080.629
571.063 35420.585
571.344 35506.711
571.624 35158.547
571.905 34362.555
572.186 33253.429
572.467 31773.864
572.748 29999.288
573.029 28054.177
573.309 26070.717
573.590 24132.055
573.871 22278.669
574.152 20539.871
574.433 18939.049
574.713 17526.318
574.994 16343.940
575.275 15468.651
575.556 14996.968
575.837 14988.375
576.118 15400.391
576.398 16155.312
576.679 17115.726
576.960 18132.429
577.245 19085.624
577.531 19944.780
577.816 20706.630
578.102 21396.496
578.387 22038.981
578.672 22642.871
578.958 23219.950
579.243 23660.897
579.529 23863.525
579.814 23704.962
580.099 23190.104
580.385 22388.667
580.670 21345.095
580.956 20178.990
581.241 18995.708
581.526 17822.304
581.812 16715.395
582.097 15650.417
582.382 14590.524
582.668 13559.288
582.953 12532.999
583.239 11559.915
583.524 10638.457
583.809 9789.957
584.095 9031.704
584.380 8371.952
584.666 7803.667
584.951 7307.412
585.236 6871.610
585.522 6510.771
585.807 6221.321
586.093 6013.503
586.378 5936.153
586.663 6043.580
586.949 6483.486
587.234 7404.407
587.520 8892.767
587.805 10822.186
588.090 13064.861
588.376 15414.287
588.661 17601.334
588.947 19494.890
589.232 21118.149
589.517 22544.419
589.803 24085.282
590.088 25949.317
590.374 28253.865
590.659 31135.889
590.944 34453.159
591.230 37882.219
591.515 41178.989
591.800 44058.508
592.086 46386.030
592.371 48222.806
592.657 49599.216
592.942 50666.474
593.227 51502.611
593.513 52087.025
593.798 52494.698
594.084 52667.809
594.369 52593.441
594.654 52252.195
594.940 51611.532
595.225 50740.857
595.511 49750.018
595.796 48643.439
596.081 47502.283
596.367 46352.369
596.652 45225.653
596.938 44130.314
597.223 43012.280
597.508 41828.368
597.794 40623.549
598.079 39391.610
598.365 38135.459
598.650 36865.964
598.935 35582.814
599.221 34363.758
599.506 33194.298
599.792 32045.084
600.077 30937.279
600.362 29841.427
600.648 28780.930
600.933 27775.545
601.218 26799.686
601.504 25893.473
601.789 25057.109
602.075 24276.840
602.360 23544.929
602.645 22857.394
602.931 22190.443
603.216 21548.581
603.502 20917.511
603.787 20301.919
604.072 19708.486
604.358 19127.534
604.643 18570.187
604.929 18048.226
605.214 17537.022
605.499 17060.692
605.785 16608.506
606.070 16146.503
606.356 15711.880
606.641 15289.279
606.926 14870.232
607.212 14467.572
607.497 14091.609
607.783 13709.521
608.068 13357.598
608.353 13018.676
608.639 12703.787
608.924 12410.511
609.210 12140.417
609.495 11872.414
609.780 11637.276
610.066 11414.915
610.351 11212.937
610.636 10999.456
610.922 10795.628
611.207 10607.178
611.493 10417.731
611.778 10227.889
612.063 10062.619
612.349 9889.637
612.634 9748.346
612.920 9613.908
613.205 9498.227
613.490 9426.280
613.776 9406.399
614.061 9406.331
614.347 9459.798
614.632 9550.554
614.917 9673.397
615.203 9787.141
615.488 9891.092
615.774 9973.318
616.059 10033.909
616.344 10064.735
616.630 10038.097
616.915 9994.377
617.201 9947.832
617.486 9865.723
617.771 9782.200
618.057 9721.508
618.342 9699.991
618.627 9735.859
618.913 9847.447
619.198 10014.170
619.484 10282.208
619.769 10579.308
620.054 10962.464
620.340 11476.397
620.625 12090.588
620.911 12704.067
621.196 13308.180
621.481 13803.024
621.767 14138.575
622.052 14276.039
622.338 14147.027
622.623 13796.393
622.908 13364.797
623.194 12977.163
623.479 12727.815
623.765 12657.403
624.050 12750.351
624.335 12933.572
624.621 13091.034
624.906 13196.760
625.192 13223.880
625.477 13180.099
625.762 13083.316
626.048 12942.099
626.333 12805.885
626.619 12727.673
626.904 12642.041
627.189 12490.593
627.475 12249.824
627.760 11940.927
628.045 11551.581
628.331 11088.255
628.616 10615.312
628.902 10151.313
629.187 9701.537
629.472 9313.515
629.758 9137.552
630.043 9185.339
630.329 9450.909
630.614 9892.860
630.899 10447.167
631.185 10947.063
631.470 11333.234
631.756 11465.767
632.041 11341.426
632.326 11008.777
632.612 10502.156
632.897 9921.439
633.183 9406.863
633.468 8953.190
633.753 8561.657
634.039 8216.566
634.324 7877.131
634.610 7528.426
634.895 7128.769
635.180 6719.636
635.466 6338.475
635.751 5968.543
636.037 5632.531
636.322 5346.526
636.607 5129.231
636.893 4988.018
637.178 4912.069
637.463 4880.694
637.749 4872.253
638.034 4881.185
638.320 4877.880
638.605 4832.096
638.890 4764.009
639.176 4653.722
639.461 4501.673
639.747 4339.581
640.032 4179.478
640.317 4051.215
640.603 4005.634
640.888 4015.014
641.174 4066.616
641.459 4151.347
641.744 4257.651
642.030 4314.671
642.315 4349.440
642.601 4318.785
642.886 4246.073
643.171 4139.164
643.457 4012.432
643.742 3886.301
644.028 3797.001
644.313 3727.417
644.598 3678.642
644.884 3626.295
645.169 3564.926
645.455 3501.359
645.740 3422.662
646.025 3341.241
646.311 3251.450
646.596 3162.937
646.881 3079.247
647.167 3015.183
647.452 2966.057
647.738 2918.304
648.023 2875.808
648.308 2840.332
648.594 2818.459
648.879 2790.632
649.165 2764.052
649.450 2731.478
649.735 2704.657
650.021 2673.272
650.306 2644.269
650.592 2604.030
650.877 2581.527
651.162 2550.384
651.448 2520.779
651.733 2493.782
652.019 2479.278
652.304 2462.470
652.589 2447.308
652.875 2438.255
653.160 2434.734
653.446 2431.955
653.731 2420.889
654.016 2410.092
654.302 2398.267
654.587 2381.005
654.873 2361.251
655.158 2351.193
655.443 2339.368
655.729 2341.951
656.014 2341.000
656.299 2333.524
656.585 2334.068
656.870 2331.260
657.156 2317.532
657.441 2306.830
657.726 2290.042
658.012 2273.251
658.297 2265.673
658.583 2252.135
658.868 2228.000
659.153 2204.935
659.439 2182.925
659.724 2159.386
660.010 2138.314
660.295 2119.207
660.580 2100.861
660.866 2088.489
661.151 2084.166
661.437 2075.326
661.722 2060.720
662.007 2051.717
662.293 2030.096
662.578 2009.413
662.864 1983.776
663.149 1963.064
663.434 1938.218
663.720 1922.762
664.005 1895.919
664.290 1877.001
664.576 1854.750
664.861 1844.161
665.147 1820.762
665.432 1809.899
665.717 1803.440
666.003 1799.008
666.288 1790.438
666.574 1793.853
666.859 1786.611
667.144 1789.054
667.430 1790.110
667.715 1784.979
668.001 1787.236
668.286 1794.987
668.571 1797.884
668.857 1803.545
669.142 1816.099
669.428 1830.501
669.713 1880.432
669.998 1993.422
670.284 2165.851
670.569 2394.295
670.855 2678.151
671.140 2955.607
671.425 3212.137
671.711 3410.122
671.996 3512.125
672.282 3551.087
672.567 3524.898
672.852 3444.799
673.138 3356.803
673.423 3285.321
673.708 3241.824
673.994 3229.398
674.279 3203.291
674.565 3177.081
674.850 3128.861
675.135 3067.070
675.421 2982.611
675.706 2881.366
675.992 2764.132
676.277 2659.591
676.562 2553.339
676.848 2467.090
677.133 2397.560
677.419 2352.721
677.704 2308.753
677.989 2269.771
678.275 2221.842
678.560 2176.264
678.846 2120.511
679.131 2061.843
679.416 1996.975
679.702 1935.431
679.987 1871.084
680.273 1822.887
680.558 1780.969
680.843 1757.304
681.129 1739.820
681.414 1731.482
681.700 1736.001
681.985 1752.291
682.270 1768.057
682.556 1783.813
682.841 1795.799
683.126 1802.850
683.412 1802.033
683.697 1797.460
683.983 1786.260
684.268 1760.446
684.553 1733.668
684.839 1709.035
685.124 1679.159
685.410 1642.685
685.695 1603.027
685.980 1567.706
686.266 1533.028
686.551 1501.129
686.837 1461.709
687.122 1429.152
687.407 1396.050
687.693 1364.576
687.978 1328.898
688.264 1302.126
688.549 1281.754
688.834 1262.733
689.120 1246.464
689.405 1229.803
689.691 1217.040
689.976 1203.863
690.261 1200.383
690.547 1186.060
690.832 1177.947
691.118 1166.647
691.403 1164.497
691.688 1162.636
691.974 1160.006
692.259 1147.243
692.544 1138.529
692.830 1128.532
693.115 1116.953
693.401 1106.076
693.686 1098.945
693.971 1095.871
694.257 1100.763
694.542 1106.540
694.828 1118.829
695.113 1137.333
695.398 1159.599
695.684 1187.933
695.969 1222.477
696.255 1259.675
696.540 1305.637
696.830 1354.414
697.120 1402.323
697.410 1460.364
697.699 1503.352
697.989 1549.429
698.279 1587.929
698.569 1625.192
698.859 1644.347
699.149 1654.101
699.439 1644.092
699.729 1632.647
700.018 1609.633
700.308 1591.163
700.598 1561.203
700.888 1530.133
701.178 1501.529
701.468 1470.566
701.758 1446.588
702.048 1424.488
702.337 1393.608
702.627 1373.046
702.917 1369.871
703.207 1372.614
703.497 1377.231
703.787 1372.994
704.077 1374.386
704.366 1377.945
704.656 1372.848
704.946 1358.372
705.236 1335.246
705.526 1312.524
705.816 1291.113
706.106 1264.800
706.396 1231.772
706.685 1207.821
706.975 1168.461
707.265 1133.856
707.555 1103.470
707.845 1075.821
708.135 1046.879
708.425 1023.277
708.715 993.619
709.004 973.917
709.294 950.363
709.584 930.398
709.874 908.742
710.164 889.654
710.454 867.868
710.744 838.919
711.034 820.762
711.323 812.061
711.613 797.162
711.903 775.361
712.193 757.067
712.483 749.645
712.773 753.518
713.063 744.778
713.352 732.742
713.642 726.222
713.932 727.255
714.222 725.236
714.512 720.591
714.802 711.353
715.092 705.381
715.382 701.458
715.671 695.205
715.961 692.537
716.251 691.251
716.541 686.819
716.831 678.046
717.121 676.187
717.411 671.281
717.701 673.797
717.990 672.798
718.280 665.422
718.570 663.990
718.860 661.722
719.150 654.499
719.440 651.179
719.730 639.388
720.019 626.746
720.309 627.226
720.599 620.668
720.889 621.807
721.179 615.249
721.469 608.782
721.759 601.430
722.049 603.910
722.338 589.576
722.628 583.138
722.918 572.519
723.208 574.350
723.498 572.333
723.788 572.252
724.078 571.001
724.368 576.452
724.657 575.456
724.947 576.737
725.237 577.307
725.527 574.319
725.817 571.680
726.107 571.765
726.397 572.071
726.686 576.625
726.976 576.910
727.266 572.357
727.556 574.776
727.846 575.345
728.136 568.949
728.426 573.045
728.716 569.547
729.005 578.564
729.295 595.164
729.585 609.629
729.875 630.240
730.165 653.837
730.455 670.555
730.745 687.798
731.035 695.474
731.324 697.133
731.614 699.973
731.904 703.282
732.194 705.803
732.484 704.808
732.774 703.531
733.064 703.105
733.354 699.125
733.643 694.865
733.933 681.569
734.223 663.524
734.513 645.872
734.803 632.381
735.093 612.752
735.383 604.623
735.672 593.547
735.962 584.609
736.252 574.537
736.542 567.161
736.832 558.990
737.122 556.579
737.412 544.662
737.702 537.846
737.991 531.746
738.281 528.699
738.571 514.938
738.861 508.484
739.151 505.292
739.441 501.393
739.731 495.289
740.021 489.262
740.310 488.764
740.600 491.318
740.890 491.530
741.180 483.658
741.470 484.011
741.760 476.483
742.050 472.721
742.339 467.614
742.629 461.089
742.919 455.208
743.209 456.485
743.499 451.727
743.789 454.425
744.079 451.792
744.369 446.890
744.658 450.295
744.948 443.408
745.238 439.640
745.528 434.872
745.818 430.388
746.108 427.181
746.398 428.808
746.688 428.428
746.977 430.025
747.267 428.157
747.557 431.553
747.847 432.041
748.137 434.866
748.427 430.295
748.717 429.850
749.006 434.247
749.296 436.586
749.586 435.305
749.876 435.224
750.166 431.948
750.456 431.521
750.746 431.317
751.036 426.470
751.325 425.026
751.615 428.070
751.905 435.323
752.195 444.922
752.485 452.236
752.775 455.774
753.065 461.673
753.355 466.229
753.644 459.859
753.934 453.138
754.224 446.430
754.514 445.649
754.804 442.915
755.094 444.985
755.384 443.906
755.674 447.606
755.963 447.014
756.253 449.779
756.543 449.913
756.833 449.833
757.123 444.742
757.413 446.957
757.703 449.250
757.992 452.051
758.282 449.902
758.572 448.613
758.862 447.752
759.152 442.594
759.442 438.869
759.732 433.711
760.022 432.980
760.311 431.034
760.601 425.853
760.891 423.702
761.181 424.705
761.471 421.757
761.761 419.953
762.051 416.450
762.341 414.814
762.630 414.981
762.920 414.264
763.210 414.524
763.500 413.149
763.796 413.149
764.093 411.835
764.389 407.358
764.686 406.618
764.982 405.901
765.279 405.126
765.575 405.067
765.872 400.962
766.168 397.947
766.465 398.808
766.761 394.789
767.058 390.595
767.354 388.699
767.651 385.512
767.947 384.741
768.244 385.028
768.540 383.306
768.837 389.070
769.133 388.244
769.430 393.665
769.726 398.513
770.023 406.054
770.319 408.951
770.616 411.940
770.912 404.865
771.209 407.391
771.505 402.494
771.801 401.538
772.098 398.214
772.394 400.609
772.691 405.150
772.987 409.639
773.284 412.354
773.580 423.154
773.877 432.076
774.173 442.513
774.470 444.244
774.766 447.050
775.063 450.003
775.359 447.894
775.656 444.997
775.952 440.401
776.249 439.782
776.545 437.117
776.842 424.494
777.138 418.698
777.435 422.017
777.731 421.040
778.028 419.417
778.324 409.940
778.621 408.487
778.917 418.327
779.214 421.216
779.510 421.403
779.806 425.455
780.103 431.346
780.399 437.747
780.696 444.566
780.992 449.831
781.289 456.433
781.585 463.020
781.882 468.384
782.178 471.845
782.475 480.512
782.771 489.098
783.068 499.698
783.364 508.126
783.661 513.392
783.957 509.605
784.254 510.585
784.550 502.537
784.847 493.856
785.143 482.513
785.440 479.712
785.736 477.894
786.033 482.237
786.329 480.278
786.626 481.827
786.922 487.076
787.219 489.396
787.515 482.577
787.811 474.924
788.108 459.531
788.404 447.642
788.701 447.310
788.997 436.531
789.294 424.456
789.590 418.438
789.887 414.508
790.183 410.453
790.480 404.873
790.776 388.390
791.073 380.309
791.369 373.036
791.666 367.432
791.962 366.127
792.259 367.132
792.555 364.220
792.852 365.786
793.148 365.547
793.445 364.252
793.741 357.456
794.038 351.719
794.334 342.480
794.631 338.597
794.927 332.827
795.224 327.518
795.520 327.102
795.816 322.248
796.113 312.410
796.409 310.150
796.706 303.631
797.002 302.843
797.299 297.058
797.595 294.795
797.892 296.142
798.188 300.621
798.485 302.275
798.781 313.698
799.078 319.482
799.374 327.212
799.671 327.708
799.967 332.184
