350.234 185.221
350.497 187.367
350.760 187.227
351.022 189.230
351.285 185.662
351.548 186.808
351.811 190.668
352.074 185.814
352.337 179.674
352.600 173.105
352.863 173.108
353.125 172.825
353.388 173.114
353.651 167.260
353.914 166.691
354.177 170.980
354.440 172.983
354.703 171.700
354.965 176.417
355.228 179.277
355.491 182.138
355.754 183.569
356.017 185.429
356.280 190.575
356.543 186.720
356.805 177.009
357.068 171.298
357.331 172.443
357.594 169.875
357.857 166.735
358.120 166.738
358.383 174.740
358.646 180.600
358.908 178.746
359.171 181.606
359.434 185.609
359.697 186.183
359.960 186.043
360.223 181.617
360.486 181.334
360.748 181.623
361.011 177.054
361.274 176.057
361.537 180.202
361.800 179.348
362.063 175.779
362.326 174.211
362.588 175.499
362.851 177.359
363.114 177.219
363.377 172.507
363.640 168.795
363.903 171.084
364.166 176.229
364.429 179.375
364.691 184.092
364.954 184.952
365.217 182.097
365.480 183.385
365.743 185.388
366.006 179.391
366.269 181.393
366.532 179.396
366.795 180.541
367.058 184.830
367.321 181.690
367.584 180.978
367.847 179.552
368.110 175.983
368.372 177.128
368.635 175.845
368.898 173.848
369.161 180.422
369.424 183.996
369.687 183.427
369.950 182.715
370.213 179.432
370.476 179.292
370.739 179.294
371.002 181.154
371.265 179.871
371.528 184.873
371.791 189.161
372.054 194.021
372.317 194.166
372.580 199.597
372.843 189.600
373.106 190.459
373.369 192.176
373.632 191.750
373.894 187.467
374.157 187.183
374.420 183.900
374.683 188.331
374.946 185.476
375.209 180.907
375.472 176.053
375.735 175.912
375.998 178.629
376.261 179.774
376.524 176.634
376.787 177.493
377.050 181.210
377.313 185.641
377.576 183.357
377.839 180.217
378.102 180.362
378.365 184.222
378.628 181.081
378.891 182.798
379.154 182.943
379.417 188.231
379.679 188.662
379.942 189.093
380.205 188.524
380.468 193.669
380.731 189.100
380.994 185.531
381.257 180.819
381.520 179.821
381.783 185.109
382.046 190.397
382.309 193.542
382.572 200.544
382.835 204.546
383.098 205.834
383.361 206.979
383.624 194.696
383.887 191.698
384.150 187.272
384.413 180.988
384.676 179.419
384.939 180.136
385.201 181.424
385.464 186.283
385.727 186.428
385.990 186.716
386.253 186.861
386.516 187.720
386.779 191.865
387.042 195.010
387.305 196.727
387.568 197.586
387.831 193.445
388.094 192.876
388.357 191.021
388.620 189.880
388.883 186.025
389.146 189.027
389.409 187.601
389.672 187.317
389.935 189.177
390.198 193.607
390.461 188.752
390.723 187.183
390.986 183.899
391.249 185.044
391.512 190.761
391.775 185.816
392.038 184.875
392.301 188.649
392.564 191.509
392.827 191.939
393.090 188.558
393.353 185.548
393.616 194.972
393.879 192.980
394.142 196.147
394.405 198.547
394.668 199.292
394.931 201.471
395.194 207.152
395.457 205.285
395.720 201.771
395.983 196.654
396.245 194.200
396.508 197.236
396.771 198.125
397.034 195.894
397.297 193.828
397.560 201.726
397.823 207.530
398.086 201.193
398.349 195.638
398.612 200.151
398.875 201.425
399.138 199.784
399.401 190.476
399.664 186.454
399.927 193.712
400.190 197.297
400.453 195.256
400.716 197.145
400.979 199.335
401.242 206.148
401.505 208.758
401.768 208.816
402.030 212.576
402.293 217.282
402.556 217.484
402.819 220.022
403.082 225.618
403.345 222.361
403.608 223.978
403.871 220.151
404.134 214.300
404.397 213.586
404.660 215.354
404.931 215.016
405.202 215.876
405.473 216.543
405.745 217.185
406.016 221.333
406.287 218.786
406.558 215.023
406.829 212.344
407.100 216.466
407.371 219.023
407.642 225.946
407.914 229.188
408.185 233.876
408.456 237.025
408.727 237.710
408.998 236.796
409.269 238.932
409.540 238.995
409.811 242.557
410.083 250.058
410.354 259.200
410.625 269.639
410.896 281.537
411.167 285.711
411.438 292.499
411.709 298.131
411.981 299.333
412.252 304.411
412.523 309.352
412.794 317.842
413.065 327.552
413.336 336.916
413.607 346.530
413.878 361.882
414.150 376.456
414.421 390.129
414.692 401.661
414.963 418.336
415.234 437.952
415.505 456.525
415.776 477.425
416.047 499.423
416.319 522.371
416.590 547.497
416.861 573.378
417.132 597.242
417.403 623.954
417.674 649.216
417.945 679.898
418.217 714.140
418.488 751.039
418.759 788.345
419.030 820.422
419.301 861.389
419.572 899.968
419.843 936.136
420.114 971.143
420.386 1002.786
420.657 1047.688
420.928 1102.081
421.199 1146.719
421.470 1196.355
421.741 1243.188
422.012 1293.113
422.283 1350.242
422.555 1398.998
422.826 1441.789
423.097 1491.028
423.368 1548.756
423.639 1614.288
423.910 1672.398
424.181 1728.965
424.453 1787.931
424.724 1859.698
424.995 1925.687
425.266 1986.924
425.537 2053.534
425.808 2131.223
426.079 2208.841
426.350 2288.082
426.622 2364.643
426.893 2445.940
427.164 2527.383
427.435 2606.498
427.706 2690.995
427.977 2771.101
428.248 2853.170
428.519 2939.038
428.791 3035.233
429.062 3131.063
429.333 3230.154
429.604 3327.951
429.875 3431.023
430.146 3538.743
430.417 3638.212
430.689 3741.243
430.960 3850.647
431.231 3957.597
431.502 4075.406
431.773 4193.247
432.044 4305.864
432.315 4437.790
432.586 4555.555
432.858 4687.719
433.129 4814.170
433.400 4947.268
433.671 5090.716
433.942 5231.506
434.213 5358.735
434.484 5501.449
434.755 5624.710
435.027 5766.847
435.298 5911.439
435.569 6056.606
435.840 6217.095
436.114 6383.094
436.388 6554.287
436.663 6736.095
436.937 6908.310
437.211 7074.979
437.485 7242.093
437.759 7414.392
438.034 7608.393
438.308 7790.654
438.582 7990.116
438.856 8202.225
439.130 8398.134
439.405 8618.043
439.679 8835.594
439.953 9039.522
440.227 9269.370
440.501 9490.190
440.776 9705.917
441.050 9950.502
441.324 10188.900
441.598 10431.387
441.872 10680.038
442.147 10929.896
442.421 11197.262
442.695 11475.977
442.969 11735.779
443.244 12005.019
443.518 12285.218
443.792 12579.747
444.066 12858.680
444.340 13140.844
444.615 13429.685
444.889 13729.916
445.163 14025.020
445.437 14317.373
445.711 14608.161
445.986 14921.851
446.260 15220.350
446.534 15523.631
446.808 15838.035
447.082 16137.234
447.357 16455.071
447.631 16768.612
447.905 17088.168
448.179 17409.881
448.453 17723.934
448.728 18012.286
449.002 18319.947
449.276 18593.179
449.550 18858.510
449.824 19101.975
450.099 19326.533
450.373 19533.160
450.647 19738.075
450.921 19913.870
451.195 20067.116
451.470 20207.949
451.744 20319.978
452.018 20431.100
452.292 20500.901
452.566 20550.081
452.841 20553.891
453.115 20563.967
453.389 20542.859
453.663 20484.978
453.937 20401.595
454.212 20317.053
454.486 20193.155
454.760 20050.359
455.034 19875.864
455.308 19668.175
455.583 19451.457
455.857 19207.811
456.131 18948.400
456.405 18680.030
456.680 18423.443
456.954 18133.655
457.228 17852.499
457.502 17570.220
457.776 17281.157
458.051 16969.978
458.325 16694.075
458.599 16398.797
458.873 16116.033
459.147 15844.092
459.422 15578.158
459.696 15311.998
459.970 15070.955
460.244 14810.980
460.518 14582.542
460.793 14369.526
461.067 14136.434
461.341 13915.414
461.615 13720.493
461.889 13531.799
462.164 13361.524
462.438 13189.183
462.712 13018.702
462.986 12889.345
463.260 12752.791
463.535 12617.371
463.809 12498.137
464.083 12376.088
464.357 12255.910
464.631 12135.587
464.906 12001.372
465.180 11894.921
465.454 11792.743
465.728 11680.717
466.002 11563.583
466.277 11458.829
466.551 11363.684
466.825 11275.297
467.099 11160.340
467.373 11041.805
467.648 10935.920
467.922 10856.945
468.196 10753.039
468.470 10655.102
468.744 10556.806
469.019 10469.718
469.293 10380.766
469.567 10290.231
469.841 10179.121
470.116 10090.437
470.390 9998.747
470.664 9890.775
470.938 9790.921
471.212 9687.716
471.487 9599.530
471.761 9531.999
472.035 9442.057
472.309 9347.451
472.583 9262.758
472.858 9180.676
473.132 9113.621
473.406 9020.620
473.680 8919.229
473.954 8841.468
474.229 8765.153
474.503 8695.418
474.777 8635.891
475.051 8572.790
475.325 8515.256
475.600 8460.505
475.874 8411.251
476.148 8363.348
476.422 8323.332
476.696 8269.223
476.971 8225.466
477.245 8192.632
477.519 8160.908
477.793 8137.300
478.067 8124.203
478.342 8100.694
478.616 8083.320
478.890 8066.679
479.164 8047.899
479.438 8032.447
479.713 8023.135
479.987 8025.027
480.261 8038.307
480.535 8058.304
480.809 8073.257
481.084 8097.485
481.358 8125.121
481.632 8147.088
481.906 8178.723
482.180 8219.228
482.455 8268.422
482.729 8313.689
483.003 8347.710
483.277 8405.995
483.551 8469.168
483.826 8526.847
484.100 8578.672
484.374 8628.455
484.648 8696.013
484.923 8778.426
485.197 8849.956
485.471 8917.186
485.745 8997.037
486.019 9083.886
486.294 9188.977
486.568 9285.770
486.842 9384.002
487.116 9483.626
487.390 9588.673
487.665 9685.278
487.939 9777.484
488.213 9859.721
488.487 9961.902
488.761 10072.099
489.036 10175.539
489.310 10295.235
489.584 10404.722
489.858 10530.231
490.132 10654.377
490.407 10777.129
490.681 10904.097
490.955 11029.398
491.229 11144.959
491.503 11275.754
491.778 11398.814
492.052 11519.079
492.326 11639.131
492.600 11757.004
492.874 11890.861
493.149 12021.550
493.423 12152.532
493.697 12297.186
493.971 12459.817
494.245 12597.178
494.520 12752.189
494.794 12901.783
495.068 13064.097
495.342 13223.626
495.616 13371.554
495.891 13493.872
496.165 13662.640
496.439 13830.228
496.713 13987.057
496.987 14138.494
497.262 14290.797
497.536 14456.122
497.810 14638.611
498.084 14800.454
498.359 14957.228
498.633 15122.674
498.907 15285.689
499.181 15436.317
499.455 15594.332
499.730 15730.654
500.004 15884.377
500.278 16031.039
500.552 16178.941
500.826 16332.635
501.101 16506.006
501.375 16672.637
501.649 16859.098
501.923 17016.564
502.197 17153.448
502.472 17296.119
502.746 17445.476
503.020 17582.842
503.294 17716.102
503.568 17847.000
503.843 17983.135
504.117 18136.664
504.391 18280.690
504.665 18422.425
504.939 18583.671
505.214 18727.741
505.488 18895.607
505.762 19035.080
506.036 19174.197
506.310 19303.440
506.585 19426.093
506.859 19541.296
507.133 19678.087
507.407 19782.192
507.681 19897.381
507.956 20010.245
508.230 20137.635
508.504 20260.867
508.778 20385.183
509.052 20505.719
509.327 20639.926
509.601 20788.080
509.875 20932.262
510.149 21080.562
510.423 21230.665
510.698 21354.807
510.972 21456.413
511.246 21553.130
511.520 21666.996
511.795 21777.587
512.069 21872.157
512.343 21954.468
512.617 22048.789
512.891 22176.333
513.166 22297.419
513.440 22391.462
513.714 22500.281
513.988 22621.575
514.262 22745.719
514.537 22850.361
514.811 22930.893
515.085 23021.078
515.359 23120.787
515.633 23208.475
515.908 23274.611
516.182 23349.755
516.456 23445.359
516.730 23530.427
517.004 23612.384
517.279 23679.917
517.553 23759.881
517.827 23839.534
518.101 23907.443
518.375 24001.635
518.650 24095.864
518.924 24182.456
519.198 24276.063
519.472 24343.475
519.746 24407.276
520.021 24453.872
520.295 24483.150
520.569 24503.952
520.843 24547.902
521.117 24588.175
521.392 24632.298
521.666 24693.488
521.940 24763.170
522.214 24815.622
522.488 24876.731
522.763 24888.653
523.037 24929.537
523.311 24970.541
523.585 25004.432
523.859 25056.176
524.134 25106.586
524.408 25143.011
524.682 25211.617
524.956 25254.955
525.231 25298.053
525.505 25336.591
525.779 25387.885
526.053 25423.474
526.327 25468.375
526.602 25467.765
526.876 25493.130
527.150 25516.325
527.424 25536.409
527.698 25530.500
527.973 25539.390
528.247 25563.694
528.521 25626.794
528.795 25636.263
529.069 25655.496
529.344 25687.977
529.618 25703.761
529.892 25718.539
530.166 25722.971
530.440 25737.103
530.715 25770.375
530.989 25802.605
531.263 25814.221
531.537 25838.191
531.811 25871.160
532.086 25901.040
532.360 25912.571
532.634 25913.800
532.908 25896.828
533.182 25895.593
533.457 25919.473
533.731 25926.058
534.005 25921.996
534.279 25922.397
534.553 25946.754
534.828 25982.209
535.102 25988.902
535.376 25985.748
535.650 25986.323
535.924 26002.722
536.199 26001.991
536.473 25999.843
536.747 26002.456
537.021 26037.042
537.295 26039.206
537.570 26028.828
537.844 26020.179
538.118 26040.513
538.392 26045.139
538.666 26045.283
538.941 26031.301
539.215 26035.771
539.489 26065.304
539.763 26078.134
540.038 26084.917
540.312 26098.028
540.586 26099.168
540.860 26103.782
541.134 26124.974
541.409 26132.175
541.683 26138.185
541.957 26145.432
542.231 26147.525
542.505 26172.612
542.780 26187.608
543.054 26188.609
543.328 26185.468
543.602 26209.926
543.876 26226.178
544.151 26248.845
544.425 26253.270
544.699 26272.491
544.973 26289.800
545.247 26299.698
545.522 26304.591
545.796 26319.852
546.070 26321.855
546.351 26326.767
546.632 26336.436
546.912 26339.135
547.193 26362.857
547.474 26373.921
547.755 26385.815
548.036 26394.669
548.317 26408.472
548.597 26409.914
548.878 26434.952
549.159 26446.383
549.440 26448.197
549.721 26444.830
550.001 26466.255
550.282 26485.465
550.563 26506.156
550.844 26511.383
551.125 26528.612
551.406 26567.378
551.686 26605.868
551.967 26619.438
552.248 26629.081
552.529 26647.138
552.810 26687.208
553.090 26711.747
553.371 26726.985
553.652 26746.879
553.933 26785.307
554.214 26816.216
554.495 26836.001
554.775 26830.711
555.056 26870.184
555.337 26887.611
555.618 26895.590
555.899 26917.343
556.179 26947.824
556.460 26990.428
556.741 27021.427
557.022 27023.056
557.303 27053.035
557.584 27089.740
557.864 27109.414
558.145 27129.944
558.426 27155.009
558.707 27192.612
558.988 27228.973
559.268 27252.165
559.549 27273.581
559.830 27304.440
560.111 27324.525
560.392 27345.701
560.673 27362.783
560.953 27386.131
561.234 27406.377
561.515 27413.092
561.796 27428.180
562.077 27457.875
562.357 27471.524
562.638 27493.997
562.919 27509.188
563.200 27535.692
563.481 27574.440
563.762 27608.506
564.042 27630.309
564.323 27647.559
564.604 27666.994
564.885 27672.277
565.166 27698.824
565.446 27716.577
565.727 27710.409
566.008 27721.213
566.289 27736.448
566.570 27734.933
566.851 27760.264
567.131 27769.195
567.412 27792.749
567.693 27821.971
567.974 27823.243
568.255 27843.061
568.535 27861.252
568.816 27881.240
569.097 27892.887
569.378 27897.331
569.659 27910.295
569.940 27948.820
570.220 27944.668
570.501 27959.137
570.782 27972.446
571.063 27980.832
571.344 27988.985
571.624 27988.853
571.905 27991.302
572.186 28032.720
572.467 28050.608
572.748 28079.027
573.029 28088.347
573.309 28086.681
573.590 28104.529
573.871 28083.456
574.152 28080.286
574.433 28095.753
574.713 28074.047
574.994 28099.821
575.275 28111.058
575.556 28117.533
575.837 28154.061
576.118 28167.639
576.398 28174.441
576.679 28185.584
576.960 28171.142
577.245 28172.061
577.531 28161.589
577.816 28167.520
578.102 28148.512
578.387 28126.448
578.672 28122.230
578.958 28151.745
579.243 28155.514
579.529 28165.454
579.814 28156.390
580.099 28150.542
580.385 28157.875
580.670 28150.192
580.956 28119.483
581.241 28130.128
581.526 28123.563
581.812 28108.980
582.097 28125.932
582.382 28125.216
582.668 28121.634
582.953 28110.895
583.239 28078.368
583.524 28090.006
583.809 28118.911
584.095 28114.652
584.380 28119.704
584.666 28119.000
584.951 28121.170
585.236 28140.713
585.522 28138.045
585.807 28119.937
586.093 28126.692
586.378 28108.027
586.663 28107.746
586.949 28093.524
587.234 28083.312
587.520 28086.618
587.805 28073.534
588.090 28056.708
588.376 28064.175
588.661 28058.714
588.947 28062.736
589.232 28048.379
589.517 28006.998
589.803 27972.999
590.088 27937.680
590.374 27902.103
590.659 27871.409
590.944 27843.010
591.230 27811.749
591.515 27780.164
591.800 27757.072
592.086 27719.804
592.371 27664.297
592.657 27590.210
592.942 27535.934
593.227 27491.411
593.513 27425.547
593.798 27351.626
594.084 27284.315
594.369 27245.529
594.654 27218.321
594.940 27158.286
595.225 27095.108
595.511 27038.081
595.796 26981.959
596.081 26939.287
596.367 26897.455
596.652 26859.899
596.938 26842.384
597.223 26837.263
597.508 26864.631
597.794 26919.242
598.079 26981.763
598.365 27025.774
598.650 27072.972
598.935 27082.658
599.221 27080.389
599.506 27059.752
599.792 27008.990
600.077 26929.497
600.362 26867.073
600.648 26815.687
600.933 26761.973
601.218 26704.624
601.504 26658.644
601.789 26602.587
602.075 26557.759
602.360 26486.260
602.645 26409.567
602.931 26381.707
603.216 26331.721
603.502 26287.132
603.787 26259.016
604.072 26230.213
604.358 26212.729
604.643 26187.819
604.929 26140.058
605.214 26097.724
605.499 26040.193
605.785 25990.726
606.070 25932.554
606.356 25868.254
606.641 25803.720
606.926 25808.411
607.212 25892.060
607.497 26078.603
607.783 26406.452
608.068 26919.359
608.353 27613.939
608.639 28465.277
608.924 29322.734
609.210 30146.506
609.495 30858.984
609.780 31374.750
610.066 31654.610
610.351 31694.113
610.636 31565.363
610.922 31317.954
611.207 31036.202
611.493 30817.830
611.778 30783.613
612.063 31019.409
612.349 31607.911
612.634 32560.877
612.920 33896.555
613.205 35545.808
613.490 37354.445
613.776 39125.409
614.061 40724.293
614.347 41987.500
614.632 42801.599
614.917 43138.551
615.203 43025.567
615.488 42526.020
615.774 41806.470
616.059 40866.709
616.344 39830.992
616.630 38778.436
616.915 37719.737
617.201 36684.184
617.486 35707.227
617.771 34772.451
618.057 33941.470
618.342 33215.397
618.627 32556.664
618.913 32023.293
619.198 31579.326
619.484 31185.767
619.769 30823.017
620.054 30450.865
620.340 30010.654
620.625 29519.810
620.911 28977.952
621.196 28389.762
621.481 27771.139
621.767 27158.523
622.052 26561.127
622.338 26034.701
622.623 25571.801
622.908 25169.054
623.194 24813.317
623.479 24533.351
623.765 24306.063
624.050 24148.812
624.335 24037.494
624.621 23954.115
624.906 23882.434
625.192 23837.590
625.477 23814.542
625.762 23806.691
626.048 23800.296
626.333 23782.019
626.619 23776.274
626.904 23768.822
627.189 23763.254
627.475 23771.016
627.760 23790.991
628.045 23824.824
628.331 23960.554
628.616 24169.903
628.902 24541.231
629.187 25183.502
629.472 26260.039
629.758 27913.353
630.043 30303.612
630.329 33384.806
630.614 37090.635
630.899 41159.042
631.185 45255.470
631.470 48995.685
631.756 52064.165
632.041 54194.562
632.326 55315.014
632.612 55440.419
632.897 54795.416
633.183 53607.652
633.468 52189.488
633.753 50829.654
634.039 49736.490
634.324 49116.016
634.610 49051.344
634.895 49477.668
635.180 50294.230
635.466 51270.117
635.751 52126.056
636.037 52649.558
636.322 52687.939
636.607 52175.463
636.893 51103.463
637.178 49588.329
637.463 47741.240
637.749 45717.843
638.034 43630.126
638.320 41441.499
638.605 39219.555
638.890 37004.123
639.176 34814.175
639.461 32699.535
639.747 30670.930
640.032 28771.202
640.317 27064.748
640.603 25568.656
640.888 24298.426
641.174 23193.932
641.459 22239.029
641.744 21389.901
642.030 20620.672
642.315 19885.942
642.601 19138.300
642.886 18344.839
643.171 17553.103
643.457 16737.411
643.742 15965.884
644.028 15235.661
644.313 14580.380
644.598 13998.133
644.884 13511.858
645.169 13108.745
645.455 12799.229
645.740 12547.246
646.025 12402.078
646.311 12358.322
646.596 12453.457
646.881 12719.339
647.167 13125.619
647.452 13635.937
647.738 14215.839
648.023 14773.096
648.308 15253.867
648.594 15598.143
648.879 15753.834
649.165 15738.887
649.450 15573.525
649.735 15296.516
650.021 14974.675
650.306 14614.473
650.592 14255.146
650.877 13917.345
651.162 13591.468
651.448 13309.134
651.733 13035.313
652.019 12750.167
652.304 12499.970
652.589 12269.207
652.875 12051.046
653.160 11857.163
653.446 11648.170
653.731 11466.000
654.016 11300.723
654.302 11116.409
654.587 10923.396
654.873 10711.354
655.158 10486.942
655.443 10253.695
655.729 10012.157
656.014 9760.152
656.299 9516.439
656.585 9273.677
656.870 9050.896
657.156 8836.543
657.441 8654.430
657.726 8475.556
658.012 8321.131
658.297 8178.385
658.583 8042.903
658.868 7916.445
659.153 7796.191
659.439 7671.516
659.724 7563.183
660.010 7454.310
660.295 7351.112
660.580 7254.257
660.866 7151.932
661.151 7065.275
661.437 6979.009
661.722 6883.248
662.007 6785.939
662.293 6688.971
662.578 6587.667
662.864 6498.948
663.149 6402.579
663.434 6305.961
663.720 6210.861
664.005 6122.007
664.290 6030.873
664.576 5968.435
664.861 5886.762
665.147 5808.527
665.432 5743.481
665.717 5677.948
666.003 5608.706
666.288 5548.004
666.574 5470.308
666.859 5412.672
667.144 5349.664
667.430 5282.352
667.715 5231.760
668.001 5175.644
668.286 5120.193
668.571 5070.047
668.857 5014.667
669.142 4975.259
669.428 4934.102
669.713 4902.412
669.998 4877.904
670.284 4856.569
670.569 4844.422
670.855 4826.597
671.140 4787.869
671.425 4746.805
671.711 4698.306
671.996 4647.030
672.282 4586.774
672.567 4529.876
672.852 4481.568
673.138 4435.963
673.423 4393.489
673.708 4349.026
673.994 4304.987
674.279 4251.877
674.565 4193.024
674.850 4128.274
675.135 4068.703
675.421 4013.469
675.706 3961.991
675.992 3915.440
676.277 3876.494
676.562 3827.502
676.848 3782.805
677.133 3742.466
677.419 3704.201
677.704 3648.519
677.989 3591.885
678.275 3540.104
678.560 3498.552
678.846 3456.733
679.131 3414.517
679.416 3365.176
679.702 3328.332
679.987 3294.697
680.273 3255.864
680.558 3213.654
680.843 3173.474
681.129 3131.984
681.414 3100.700
681.700 3062.124
681.985 3021.510
682.270 2989.783
682.556 2959.919
682.841 2931.172
683.126 2905.704
683.412 2870.831
683.697 2836.653
683.983 2805.512
684.268 2775.521
684.553 2746.006
684.839 2720.076
685.124 2687.307
685.410 2650.833
685.695 2629.412
685.980 2602.350
686.266 2578.109
686.551 2543.903
686.837 2506.069
687.122 2470.471
687.407 2448.234
687.693 2422.583
687.978 2400.393
688.264 2368.271
688.549 2349.498
688.834 2315.276
689.120 2297.267
689.405 2270.464
689.691 2238.267
689.976 2204.057
690.261 2181.142
690.547 2159.430
690.832 2146.391
691.118 2122.050
691.403 2099.451
691.688 2072.471
691.974 2054.616
692.259 2033.441
692.544 2013.281
692.830 1996.620
693.115 1979.804
693.401 1962.111
693.686 1942.536
693.971 1924.156
694.257 1903.463
694.542 1872.634
694.828 1850.062
695.113 1827.357
695.398 1811.900
695.684 1802.396
695.969 1778.558
696.255 1754.821
696.540 1736.633
696.830 1711.305
697.120 1682.212
697.410 1655.581
697.699 1628.804
697.989 1615.590
698.279 1603.432
698.569 1593.106
698.859 1584.776
699.149 1578.187
699.439 1568.335
699.729 1553.146
700.018 1530.726
700.308 1509.404
700.598 1481.100
700.888 1462.613
701.178 1446.877
701.468 1430.206
701.758 1419.373
702.048 1408.973
702.337 1398.295
702.627 1394.455
702.917 1382.912
703.207 1367.183
703.497 1344.817
703.787 1327.011
704.077 1310.940
704.366 1296.040
704.656 1276.959
704.946 1261.629
705.236 1251.782
705.526 1248.396
705.816 1234.060
706.106 1223.760
706.396 1208.602
706.685 1194.457
706.975 1180.885
707.265 1165.999
707.555 1144.830
707.845 1136.334
708.135 1118.468
708.425 1102.327
708.715 1086.340
709.004 1068.908
709.294 1053.651
709.584 1041.984
709.874 1027.576
710.164 1017.795
710.454 1014.054
710.744 1009.744
711.034 1004.146
711.323 994.825
711.613 989.374
711.903 975.605
712.193 962.137
712.483 948.952
712.773 936.905
713.063 925.728
713.352 919.424
713.642 906.408
713.932 902.027
714.222 894.640
714.512 885.654
714.802 884.823
715.092 879.827
715.382 872.701
715.671 862.994
715.961 856.303
716.251 855.304
716.541 850.871
716.831 839.758
717.121 826.255
717.411 814.448
717.701 812.648
717.990 798.376
718.280 788.123
718.570 775.794
718.860 766.613
719.150 759.374
719.440 748.041
719.730 736.807
720.019 730.429
720.309 716.632
720.599 710.644
720.889 703.238
721.179 701.100
721.469 696.068
721.759 688.702
722.049 686.040
722.338 682.383
722.628 676.635
722.918 668.140
723.208 654.848
723.498 647.116
723.788 636.777
724.078 628.963
724.368 626.130
724.657 622.857
724.947 618.589
725.237 612.186
725.527 606.068
725.817 602.857
726.107 595.696
726.397 584.920
726.686 572.968
726.976 564.146
727.266 560.305
727.556 557.174
727.846 552.057
728.136 544.666
728.426 538.402
728.716 532.780
729.005 526.732
729.295 527.003
729.585 513.640
729.875 503.122
730.165 501.558
730.455 502.484
730.745 500.281
731.035 499.997
731.324 490.410
731.614 494.102
731.904 492.191
732.194 487.852
732.484 479.608
732.774 470.804
733.064 469.241
733.354 464.976
733.643 457.592
733.933 457.955
734.223 456.900
734.513 450.244
734.803 447.120
735.093 431.942
735.383 425.146
735.672 421.597
735.962 414.929
736.252 409.255
736.542 410.532
736.832 406.218
737.122 409.481
737.412 405.083
737.702 401.533
737.991 398.980
738.281 395.491
738.571 389.391
738.861 390.754
739.151 384.177
739.441 382.423
739.731 383.732
740.021 378.718
740.310 373.411
740.600 365.751
740.890 356.302
741.180 353.801
741.470 354.562
741.760 347.289
742.050 348.048
742.339 340.246
742.629 339.253
742.919 337.223
743.209 333.534
743.499 324.214
743.789 323.789
744.079 317.875
744.369 314.086
744.658 313.093
744.948 316.117
745.238 311.761
745.528 314.505
745.818 309.720
746.108 308.486
746.398 310.233
746.688 307.521
746.977 296.281
747.267 300.775
747.557 304.000
747.847 304.471
748.137 299.716
748.427 298.662
748.717 303.023
749.006 306.803
749.296 300.298
749.586 290.613
749.876 293.363
750.166 299.203
750.456 295.785
750.746 290.184
751.036 284.624
751.325 278.710
751.615 280.400
751.905 271.578
752.195 261.639
752.485 260.114
752.775 256.130
753.065 260.811
753.355 263.453
753.644 259.062
753.934 258.204
754.224 258.991
754.514 255.952
754.804 255.453
755.094 249.910
755.384 245.223
755.674 245.010
755.963 245.801
756.253 244.619
756.543 249.129
756.833 249.022
757.123 241.319
757.413 242.497
757.703 237.626
757.992 230.431
758.282 230.001
758.572 226.849
758.862 226.132
759.152 230.001
759.442 229.715
759.732 228.712
760.022 229.921
760.311 228.952
760.601 222.275
760.891 213.956
761.181 216.535
761.471 215.421
761.761 218.607
762.051 219.006
762.341 218.399
762.630 220.778
762.920 221.209
763.210 219.265
763.500 213.410
763.796 206.669
764.093 199.412
764.389 192.873
764.686 192.361
764.982 194.226
765.279 192.761
765.575 199.189
765.872 204.673
766.168 209.841
766.465 210.703
766.761 206.109
767.058 205.881
767.354 206.946
767.651 203.562
767.947 197.792
768.244 193.198
768.540 192.337
768.837 195.438
769.133 193.515
769.430 193.854
769.726 186.746
770.023 189.298
770.319 192.400
770.616 190.747
770.912 191.721
771.209 190.404
771.505 189.884
771.801 195.933
772.098 191.417
772.394 187.760
772.691 183.691
772.987 181.149
773.284 180.592
773.580 178.935
773.877 175.914
774.173 175.722
774.470 174.817
774.766 176.180
775.063 171.123
775.359 170.788
775.656 170.988
775.952 168.594
776.249 166.203
776.545 165.398
776.842 170.609
777.138 174.821
777.435 171.604
777.731 161.060
778.028 164.864
778.324 165.104
778.621 163.194
778.917 159.552
779.214 160.437
779.510 158.798
779.806 162.701
780.103 160.645
780.399 159.711
780.696 157.793
780.992 154.142
781.289 146.836
781.585 148.142
781.882 154.755
782.178 153.185
782.475 156.167
782.771 158.016
783.068 162.725
783.364 168.249
783.661 171.687
783.957 166.584
784.254 167.520
784.550 167.869
784.847 171.185
785.143 171.558
785.440 165.396
785.736 161.852
786.033 159.988
786.329 158.544
786.626 156.401
786.922 154.655
787.219 148.166
787.515 148.609
787.811 146.855
788.108 147.725
788.404 145.252
788.701 141.566
788.997 133.988
789.294 137.670
789.590 138.723
789.887 139.638
790.183 140.405
790.480 143.261
790.776 146.655
791.073 154.516
791.369 153.107
791.666 152.671
791.962 150.432
792.259 143.597
792.555 135.692
792.852 131.634
793.148 121.900
793.445 120.632
793.741 123.129
794.038 126.159
794.334 134.081
794.631 140.184
794.927 139.925
795.224 146.886
795.520 148.828
795.816 142.309
796.113 142.725
796.409 139.792
796.706 139.237
797.002 144.387
797.299 147.461
797.595 145.085
797.892 148.395
798.188 144.533
798.485 140.148
798.781 134.754
799.078 133.270
799.374 131.369
799.671 134.384
799.967 139.191
