350.234 377.676
350.497 326.824
350.760 331.116
351.022 343.407
351.285 347.841
351.548 316.418
351.811 305.424
352.074 289.286
352.337 330.720
352.600 313.726
352.863 369.017
353.125 313.308
353.388 365.028
353.651 372.891
353.914 328.325
354.177 320.188
354.440 321.907
354.703 287.198
354.965 276.775
355.228 351.352
355.491 366.929
355.754 354.363
356.017 335.654
356.280 347.231
356.543 355.522
356.805 349.099
357.068 383.104
357.331 343.252
357.594 327.829
357.857 363.548
358.120 342.696
358.383 388.273
358.646 374.993
358.908 313.283
359.171 354.432
359.434 350.294
359.697 328.299
359.960 330.018
360.223 296.024
360.486 320.600
360.748 362.177
361.011 397.468
361.274 351.473
361.537 372.335
361.800 350.054
362.063 363.774
362.326 321.922
362.588 323.355
362.851 325.503
363.114 350.508
363.377 332.942
363.640 350.090
363.903 322.094
364.166 319.099
364.429 337.676
364.691 294.824
364.954 311.400
365.217 371.833
365.480 352.838
365.743 356.558
366.006 399.277
366.269 335.710
366.532 346.144
366.795 351.291
367.058 353.582
367.321 342.301
367.584 332.306
367.847 366.739
368.110 317.458
368.372 297.463
368.635 359.611
368.898 360.901
369.161 353.620
369.424 371.482
369.687 371.772
369.950 345.491
370.213 339.925
370.476 373.786
370.739 353.363
371.002 308.082
371.265 344.943
371.528 343.805
371.791 329.381
372.054 329.243
372.317 360.533
372.580 333.395
372.843 324.971
373.106 342.261
373.369 369.123
373.632 359.842
373.894 361.989
374.157 338.279
374.420 363.427
374.683 368.431
374.946 360.722
375.209 368.155
375.472 348.016
375.735 354.164
375.998 409.311
376.261 389.315
376.524 313.177
376.787 288.610
377.050 347.471
377.313 380.619
377.576 385.337
377.839 321.342
378.102 309.203
378.365 326.208
378.628 370.926
378.891 343.502
379.154 358.935
379.417 387.225
379.679 368.515
379.942 268.091
380.205 328.666
380.468 350.671
380.731 351.675
380.994 294.251
381.257 342.969
381.520 348.688
381.783 363.406
382.046 344.410
382.309 332.843
382.572 326.704
382.835 329.994
383.098 343.570
383.361 334.146
383.624 374.435
383.887 362.868
384.150 398.587
384.413 367.591
384.676 310.023
384.939 395.456
385.201 328.603
385.464 342.464
385.727 355.040
385.990 343.758
386.253 344.762
386.516 341.909
386.779 361.913
387.042 348.774
387.305 332.635
387.568 350.068
387.831 357.786
388.094 342.219
388.357 360.509
388.620 336.798
388.883 366.945
389.146 395.092
389.409 382.810
389.672 371.957
389.935 410.818
390.198 363.965
390.461 371.397
390.723 351.830
390.986 372.548
391.249 352.837
391.512 380.841
391.775 353.777
392.038 352.763
392.301 369.321
392.564 352.834
392.827 412.642
393.090 357.452
393.353 380.517
393.616 359.144
393.879 353.798
394.142 400.761
394.405 407.619
394.668 352.561
394.931 383.275
395.194 403.907
395.457 337.366
395.720 329.131
395.983 364.428
396.245 371.923
396.508 377.298
396.771 386.108
397.034 302.393
397.297 346.040
397.560 366.198
397.823 425.728
398.086 407.196
398.349 386.017
398.612 353.353
398.875 370.193
399.138 398.925
399.401 360.730
399.664 414.221
399.927 433.172
400.190 414.186
400.453 358.513
400.716 385.736
400.979 410.026
401.242 419.947
401.505 399.321
401.768 417.776
402.030 423.854
402.293 402.886
402.556 392.175
402.819 393.230
403.082 355.981
403.345 367.779
403.608 373.183
403.871 433.115
404.134 423.845
404.397 437.933
404.660 441.884
404.931 427.556
405.202 406.481
405.473 417.263
405.745 430.551
406.016 453.387
406.287 420.035
406.558 408.671
406.829 413.451
407.100 501.778
407.371 506.938
407.642 479.675
407.914 520.197
408.185 516.917
408.456 512.616
408.727 532.406
408.998 506.748
409.269 540.555
409.540 514.082
409.811 528.235
410.083 574.936
410.354 625.306
410.625 566.562
410.896 583.194
411.167 617.148
411.438 634.017
411.709 636.760
411.981 704.743
412.252 726.580
412.523 748.156
412.794 719.595
413.065 844.429
413.336 793.866
413.607 813.306
413.878 807.160
414.150 843.090
414.421 940.471
414.692 1013.217
414.963 1018.631
415.234 1075.091
415.505 1142.915
415.776 1160.356
416.047 1200.257
416.319 1201.402
416.590 1275.383
416.861 1311.472
417.132 1309.918
417.403 1440.967
417.674 1493.161
417.945 1548.185
418.217 1616.680
418.488 1739.010
418.759 1778.413
419.030 1798.827
419.301 1884.052
419.572 1942.131
419.843 1998.490
420.114 2112.959
420.386 2198.890
420.657 2358.109
420.928 2366.499
421.199 2419.217
421.470 2531.503
421.741 2611.078
422.012 2711.043
422.283 2788.089
422.555 2910.118
422.826 2997.468
423.097 3008.208
423.368 3160.544
423.639 3286.275
423.910 3349.536
424.181 3477.198
424.453 3608.259
424.724 3714.264
424.995 3798.647
425.266 3927.177
425.537 4033.478
425.808 4140.314
426.079 4268.812
426.350 4326.519
426.622 4463.674
426.893 4592.982
427.164 4716.876
427.435 4866.012
427.706 4990.437
427.977 5111.015
428.248 5312.859
428.519 5451.848
428.791 5579.284
429.062 5720.830
429.333 5861.573
429.604 5958.383
429.875 6132.054
430.146 6250.013
430.417 6492.785
430.689 6694.645
430.960 6824.979
431.231 7034.174
431.502 7216.302
431.773 7289.745
432.044 7489.013
432.315 7701.918
432.586 7889.858
432.858 8068.576
433.129 8314.309
433.400 8526.964
433.671 8660.921
433.942 8921.256
434.213 9133.997
434.484 9402.358
434.755 9633.061
435.027 9836.254
435.298 10032.170
435.569 10279.203
435.840 10565.037
436.114 10787.916
436.388 11024.709
436.663 11268.247
436.937 11532.346
437.211 11838.834
437.485 12135.849
437.759 12411.806
438.034 12671.599
438.308 12975.891
438.582 13335.505
438.856 13560.144
439.130 13876.445
439.405 14217.314
439.679 14526.688
439.953 14843.495
440.227 15175.542
440.501 15481.894
440.776 15885.443
441.050 16219.563
441.324 16580.653
441.598 16972.952
441.872 17370.832
442.147 17733.245
442.421 18090.738
442.695 18510.296
442.969 18898.045
443.244 19330.960
443.518 19768.222
443.792 20193.488
444.066 20584.384
444.340 21062.136
444.615 21551.093
444.889 22024.904
445.163 22559.260
445.437 23051.281
445.711 23586.393
445.986 24172.100
446.260 24700.060
446.534 25205.196
446.808 25819.204
447.082 26368.695
447.357 26901.786
447.631 27539.683
447.905 28151.836
448.179 28779.135
448.453 29388.750
448.728 29990.256
449.002 30637.191
449.276 31320.920
449.550 31892.021
449.824 32595.036
450.099 33235.691
450.373 33828.525
450.647 34482.969
450.921 35062.415
451.195 35679.146
451.470 36345.806
451.744 36944.557
452.018 37483.977
452.292 38101.777
452.566 38630.241
452.841 39176.379
453.115 39721.177
453.389 40180.772
453.663 40600.428
453.937 41079.893
454.212 41472.729
454.486 41938.322
454.760 42290.905
455.034 42630.464
455.308 42907.652
455.583 43046.821
455.857 43209.195
456.131 43425.641
456.405 43537.675
456.680 43617.132
456.954 43588.325
457.228 43560.777
457.502 43525.183
457.776 43534.440
458.051 43367.279
458.325 43228.322
458.599 43091.259
458.873 42938.235
459.147 42771.681
459.422 42512.281
459.696 42179.287
459.970 41895.096
460.244 41560.122
460.518 41198.340
460.793 40761.452
461.067 40342.856
461.341 39954.942
461.615 39584.544
461.889 39170.161
462.164 38816.651
462.438 38380.292
462.712 37950.076
462.986 37589.702
463.260 37214.243
463.535 36772.113
463.809 36342.351
464.083 35973.407
464.357 35556.814
464.631 35085.982
464.906 34749.365
465.180 34437.802
465.454 34063.843
465.728 33632.351
466.002 33332.476
466.277 32991.582
466.551 32683.689
466.825 32388.614
467.099 32120.567
467.373 31723.921
467.648 31411.381
467.922 31097.901
468.196 30827.625
468.470 30574.353
468.744 30257.018
469.019 30037.492
469.293 29862.120
469.567 29615.875
469.841 29352.744
470.116 29108.533
470.390 28796.962
470.664 28587.635
470.938 28334.446
471.212 28075.671
471.487 27782.183
471.761 27675.237
472.035 27394.498
472.309 27150.185
472.583 26940.915
472.858 26623.465
473.132 26405.442
473.406 26170.313
473.680 25986.670
473.954 25690.758
474.229 25460.046
474.503 25229.664
474.777 25017.794
475.051 24797.351
475.325 24528.082
475.600 24337.418
475.874 24048.421
476.148 23843.564
476.422 23572.187
476.696 23376.339
476.971 23174.451
477.245 22930.424
477.519 22728.927
477.793 22600.095
478.067 22432.792
478.342 22255.226
478.616 22063.819
478.890 21864.711
479.164 21727.050
479.438 21642.208
479.713 21475.822
479.987 21331.728
480.261 21186.350
480.535 21060.600
480.809 20882.388
481.084 20771.584
481.358 20715.114
481.632 20573.686
481.906 20570.075
482.180 20479.861
482.455 20412.380
482.729 20334.375
483.003 20283.796
483.277 20253.963
483.551 20232.028
483.826 20186.454
484.100 20209.072
484.374 20224.059
484.648 20175.445
484.923 20090.306
485.197 20151.260
485.471 20166.940
485.745 20232.649
486.019 20264.519
486.294 20298.118
486.568 20274.760
486.842 20331.182
487.116 20410.936
487.390 20462.500
487.665 20526.103
487.939 20574.424
488.213 20666.772
488.487 20727.159
488.761 20831.230
489.036 20848.061
489.310 20921.640
489.584 21024.205
489.858 21112.745
490.132 21209.969
490.407 21337.371
490.681 21376.189
490.955 21514.300
491.229 21627.975
491.503 21701.232
491.778 21776.132
492.052 21922.725
492.326 22011.498
492.600 22116.913
492.874 22306.882
493.149 22371.065
493.423 22487.613
493.697 22634.411
493.971 22785.563
494.245 22885.904
494.520 23003.461
494.794 23145.616
495.068 23275.319
495.342 23362.132
495.616 23500.448
495.891 23653.379
496.165 23804.197
496.439 23915.950
496.713 24039.315
496.987 24182.155
497.262 24377.174
497.536 24501.220
497.810 24732.994
498.084 24887.155
498.359 25036.337
498.633 25241.369
498.907 25374.190
499.181 25404.610
499.455 25581.359
499.730 25763.076
500.004 25899.820
500.278 26078.922
500.552 26225.048
500.826 26408.929
501.101 26559.242
501.375 26757.349
501.649 26884.029
501.923 27034.843
502.197 27176.063
502.472 27312.929
502.746 27484.331
503.020 27596.721
503.294 27804.299
503.568 27962.120
503.843 28114.877
504.117 28259.874
504.391 28470.651
504.665 28571.421
504.939 28706.367
505.214 28896.303
505.488 29057.344
505.762 29198.930
506.036 29352.251
506.310 29578.663
506.585 29732.494
506.859 29876.258
507.133 30011.573
507.407 30108.185
507.681 30294.708
507.956 30435.610
508.230 30564.628
508.504 30689.862
508.778 30843.970
509.052 31073.662
509.327 31254.397
509.601 31410.784
509.875 31576.137
510.149 31712.460
510.423 31890.410
510.698 32017.293
510.972 32097.434
511.246 32271.999
511.520 32470.245
511.795 32692.432
512.069 32824.133
512.343 32966.850
512.617 33088.703
512.891 33225.447
513.166 33407.956
513.440 33539.380
513.714 33701.138
513.988 33842.578
514.262 33993.715
514.537 34107.796
514.811 34202.306
515.085 34319.539
515.359 34439.586
515.633 34567.080
515.908 34731.392
516.182 34889.905
516.456 35028.162
516.730 35179.599
517.004 35272.108
517.279 35379.404
517.553 35532.128
517.827 35615.107
518.101 35739.830
518.375 35827.992
518.650 35945.011
518.924 35965.853
519.198 36162.264
519.472 36233.625
519.746 36359.118
520.021 36415.688
520.295 36523.702
520.569 36594.511
520.843 36718.330
521.117 36826.576
521.392 36925.011
521.666 36995.667
521.940 37063.254
522.214 37186.155
522.488 37331.203
522.763 37446.744
523.037 37536.046
523.311 37580.934
523.585 37622.973
523.859 37696.174
524.134 37832.962
524.408 37910.654
524.682 38023.035
524.956 38092.899
525.231 38158.032
525.505 38222.827
525.779 38278.934
526.053 38342.171
526.327 38425.381
526.602 38539.134
526.876 38607.813
527.150 38663.855
527.424 38732.697
527.698 38743.317
527.973 38849.055
528.247 38943.596
528.521 38995.658
528.795 39013.349
529.069 39113.531
529.344 39152.962
529.618 39259.027
529.892 39254.296
530.166 39351.823
530.440 39430.491
530.715 39507.116
530.989 39530.343
531.263 39637.621
531.537 39751.093
531.811 39745.678
532.086 39863.145
532.360 39840.645
532.634 39857.350
532.908 39956.340
533.182 39984.490
533.457 40052.116
533.731 40030.454
534.005 40108.253
534.279 40169.808
534.553 40207.809
534.828 40264.539
535.102 40376.336
535.376 40382.293
535.650 40439.671
535.924 40509.240
536.199 40560.595
536.473 40624.665
536.747 40674.955
537.021 40731.274
537.295 40753.727
537.570 40787.807
537.844 40807.125
538.118 40845.728
538.392 40947.346
538.666 40999.243
538.941 41026.215
539.215 41009.714
539.489 41157.183
539.763 41205.476
540.038 41251.391
540.312 41297.959
540.586 41346.727
540.860 41392.218
541.134 41486.415
541.409 41529.485
541.683 41536.613
541.957 41548.528
542.231 41599.630
542.505 41568.784
542.780 41672.024
543.054 41718.951
543.328 41738.689
543.602 41886.019
543.876 41856.295
544.151 41957.273
544.425 42001.010
544.699 42071.744
544.973 42134.386
545.247 42169.426
545.522 42210.832
545.796 42273.420
546.070 42317.736
546.351 42359.586
546.632 42407.391
546.912 42511.357
547.193 42578.031
547.474 42576.112
547.755 42699.997
548.036 42777.770
548.317 42832.753
548.597 42884.000
548.878 42927.421
549.159 43017.106
549.440 43080.114
549.721 43129.466
550.001 43215.141
550.282 43231.501
550.563 43363.612
550.844 43436.137
551.125 43462.587
551.406 43583.805
551.686 43710.606
551.967 43777.893
552.248 43874.476
552.529 43952.251
552.810 44070.977
553.090 44131.920
553.371 44206.587
553.652 44325.375
553.933 44298.503
554.214 44381.112
554.495 44564.116
554.775 44589.977
555.056 44712.076
555.337 44794.732
555.618 44910.694
555.899 45027.953
556.179 45058.812
556.460 45144.811
556.741 45228.890
557.022 45402.507
557.303 45509.232
557.584 45562.314
557.864 45619.494
558.145 45740.206
558.426 45866.522
558.707 45927.348
558.988 46058.257
559.268 46206.561
559.549 46252.217
559.830 46370.692
560.111 46507.348
560.392 46610.640
560.673 46720.423
560.953 46847.601
561.234 46950.844
561.515 47095.507
561.796 47130.780
562.077 47287.529
562.357 47349.546
562.638 47509.911
562.919 47655.941
563.200 47734.007
563.481 47810.869
563.762 47956.405
564.042 48099.777
564.323 48207.347
564.604 48311.908
564.885 48431.930
565.166 48561.081
565.446 48700.818
565.727 48737.769
566.008 48859.583
566.289 48946.210
566.570 49073.369
566.851 49251.910
567.131 49337.829
567.412 49442.840
567.693 49547.017
567.974 49682.271
568.255 49763.412
568.535 49915.804
568.816 49998.465
569.097 50131.391
569.378 50250.718
569.659 50359.188
569.940 50502.530
570.220 50675.820
570.501 50782.131
570.782 50921.354
571.063 51051.797
571.344 51243.721
571.624 51317.670
571.905 51429.486
572.186 51571.780
572.467 51762.055
572.748 51843.202
573.029 51960.128
573.309 52029.107
573.590 52133.497
573.871 52179.365
574.152 52322.329
574.433 52410.907
574.713 52554.080
574.994 52680.192
575.275 52805.886
575.556 52984.881
575.837 53061.296
576.118 53167.832
576.398 53280.164
576.679 53375.686
576.960 53499.727
577.245 53636.038
577.531 53713.459
577.816 53853.920
578.102 53956.468
578.387 54066.682
578.672 54137.976
578.958 54313.544
579.243 54436.802
579.529 54552.880
579.814 54633.016
580.099 54703.153
580.385 54773.184
580.670 54880.132
580.956 54996.372
581.241 55059.781
581.526 55120.799
581.812 55196.670
582.097 55298.614
582.382 55427.717
582.668 55542.211
582.953 55611.813
583.239 55709.851
583.524 55834.247
583.809 55956.251
584.095 56007.984
584.380 56113.278
584.666 56236.495
584.951 56361.660
585.236 56404.272
585.522 56562.197
585.807 56589.947
586.093 56692.563
586.378 56756.008
586.663 56844.189
586.949 56830.550
587.234 56888.322
587.520 56986.771
587.805 57079.404
588.090 57068.075
588.376 57139.543
588.661 57191.121
588.947 57291.120
589.232 57357.740
589.517 57478.166
589.803 57574.488
590.088 57533.211
590.374 57629.464
590.659 57668.676
590.944 57739.283
591.230 57706.742
591.515 57740.328
591.800 57788.808
592.086 57784.687
592.371 57835.883
592.657 57818.901
592.942 57845.000
593.227 57860.339
593.513 57916.608
593.798 57897.727
594.084 57945.921
594.369 57970.277
594.654 57959.123
594.940 57989.426
595.225 57918.783
595.511 57919.467
595.796 57982.388
596.081 57908.539
596.367 57940.689
596.652 57913.322
596.938 57956.535
597.223 57953.834
597.508 57941.574
597.794 57912.421
598.079 57914.875
598.365 57919.331
598.650 57867.783
598.935 57832.472
599.221 57816.251
599.506 57810.700
599.792 57804.237
600.077 57769.690
600.362 57739.570
600.648 57720.968
600.933 57668.580
601.218 57657.863
601.504 57566.538
601.789 57555.833
602.075 57509.170
602.360 57454.601
602.645 57441.027
602.931 57417.421
603.216 57303.496
603.502 57261.177
603.787 57192.593
604.072 57072.910
604.358 57077.672
604.643 57014.366
604.929 57010.530
605.214 56880.324
605.499 56911.748
605.785 56763.039
606.070 56706.233
606.356 56620.270
606.641 56528.458
606.926 56384.274
607.212 56326.166
607.497 56257.828
607.783 56235.270
608.068 56067.348
608.353 55968.835
608.639 55818.055
608.924 55751.508
609.210 55647.773
609.495 55571.510
609.780 55450.244
610.066 55409.003
610.351 55285.445
610.636 55189.624
610.922 55018.312
611.207 54949.122
611.493 54807.550
611.778 54659.280
612.063 54489.541
612.349 54353.565
612.634 54207.272
612.920 54136.417
613.205 53991.360
613.490 53853.457
613.776 53754.340
614.061 53602.515
614.347 53519.600
614.632 53373.853
614.917 53223.072
615.203 53100.428
615.488 52988.383
615.774 52755.514
616.059 52580.157
616.344 52446.360
616.630 52312.528
616.915 52143.227
617.201 51990.262
617.486 51750.753
617.771 51603.121
618.057 51468.540
618.342 51245.129
618.627 51045.292
618.913 50904.878
619.198 50719.472
619.484 50585.192
619.769 50420.800
620.054 50296.931
620.340 50082.320
620.625 49905.659
620.911 49759.837
621.196 49523.408
621.481 49386.676
621.767 49174.849
622.052 48930.204
622.338 48784.197
622.623 48604.415
622.908 48424.681
623.194 48229.099
623.479 48057.495
623.765 47889.195
624.050 47629.306
624.335 47464.891
624.621 47232.396
624.906 47044.637
625.192 46884.045
625.477 46642.098
625.762 46396.281
626.048 46235.991
626.333 46039.198
626.619 45836.574
626.904 45667.758
627.189 45442.048
627.475 45280.992
627.760 45113.978
628.045 44875.222
628.331 44671.118
628.616 44430.700
628.902 44217.636
629.187 44000.892
629.472 43801.658
629.758 43726.085
630.043 43433.005
630.329 43252.960
630.614 42928.842
630.899 42783.045
631.185 42576.510
631.470 42325.839
631.756 42119.291
632.041 41933.970
632.326 41726.647
632.612 41492.749
632.897 41310.183
633.183 41044.365
633.468 40853.488
633.753 40671.856
634.039 40390.945
634.324 40216.740
634.610 40004.055
634.895 39776.062
635.180 39566.635
635.466 39381.920
635.751 39146.168
636.037 38890.790
636.322 38609.627
636.607 38390.840
636.893 38117.692
637.178 37836.329
637.463 37609.656
637.749 37393.241
638.034 37135.290
638.320 36962.821
638.605 36722.575
638.890 36499.868
639.176 36279.009
639.461 36013.426
639.747 35801.025
640.032 35490.406
640.317 35294.454
640.603 35016.177
640.888 34831.477
641.174 34582.190
641.459 34381.111
641.744 34113.297
642.030 33905.018
642.315 33599.456
642.601 33356.515
642.886 33139.278
643.171 32953.314
643.457 32764.043
643.742 32515.389
644.028 32174.405
644.313 32061.834
644.598 31780.705
644.884 31555.726
645.169 31344.804
645.455 31036.660
645.740 30873.962
646.025 30635.876
646.311 30375.801
646.596 30190.767
646.881 29968.176
647.167 29730.990
647.452 29550.970
647.738 29280.817
648.023 29095.300
648.308 28847.214
648.594 28629.716
648.879 28432.741
649.165 28259.698
649.450 28034.116
649.735 27801.949
650.021 27619.175
650.306 27414.679
650.592 27175.896
650.877 26945.610
651.162 26759.698
651.448 26542.730
651.733 26321.386
652.019 26138.446
652.304 25947.320
652.589 25748.361
652.875 25485.995
653.160 25344.349
653.446 25083.248
653.731 24885.244
654.016 24665.109
654.302 24525.922
654.587 24346.094
654.873 24154.505
655.158 23917.589
655.443 23750.537
655.729 23579.964
656.014 23398.901
656.299 23194.334
656.585 22973.185
656.870 22811.506
657.156 22632.901
657.441 22436.347
657.726 22232.378
658.012 22029.154
658.297 21802.444
658.583 21698.436
658.868 21506.192
659.153 21360.020
659.439 21100.689
659.724 20867.712
660.010 20750.095
660.295 20641.052
660.580 20436.565
660.866 20325.024
661.151 20145.661
661.437 19972.019
661.722 19792.100
662.007 19586.543
662.293 19440.713
662.578 19266.322
662.864 19087.150
663.149 18945.099
663.434 18745.751
663.720 18642.907
664.005 18446.766
664.290 18290.340
664.576 18141.985
664.861 17952.671
665.147 17799.367
665.432 17631.270
665.717 17472.445
666.003 17327.136
666.288 17148.866
666.574 17054.732
666.859 16898.166
667.144 16680.218
667.430 16550.082
667.715 16433.766
668.001 16264.291
668.286 16149.002
668.571 15988.756
668.857 15885.612
669.142 15680.858
669.428 15542.961
669.713 15396.773
669.998 15223.574
670.284 15074.730
670.569 14970.791
670.855 14861.643
671.140 14714.805
671.425 14611.749
671.711 14452.459
671.996 14248.254
672.282 14246.248
672.567 14090.250
672.852 13926.054
673.138 13794.198
673.423 13654.159
673.708 13547.769
673.994 13377.295
674.279 13278.464
674.565 13148.217
674.850 13030.073
675.135 12877.523
675.421 12809.949
675.706 12679.468
675.992 12552.481
676.277 12366.155
676.562 12239.952
676.848 12175.256
677.133 12059.792
677.419 11960.774
677.704 11819.621
677.989 11682.182
678.275 11596.697
678.560 11493.058
678.846 11323.277
679.131 11264.347
679.416 11131.080
679.702 11033.445
679.987 10907.673
680.273 10819.577
680.558 10739.175
680.843 10594.937
681.129 10542.623
681.414 10381.273
681.700 10302.891
681.985 10167.421
682.270 10079.298
682.556 10024.986
682.841 9909.949
683.126 9782.792
683.412 9732.239
683.697 9596.819
683.983 9509.772
684.268 9397.249
684.553 9379.214
684.839 9263.226
685.124 9180.707
685.410 9066.796
685.695 8924.810
685.980 8864.179
686.266 8754.252
686.551 8635.429
686.837 8592.119
687.122 8526.269
687.407 8414.378
687.693 8339.692
687.978 8264.985
688.264 8198.972
688.549 8087.176
688.834 8005.390
689.120 8022.198
689.405 7876.965
689.691 7821.976
689.976 7733.297
690.261 7614.389
690.547 7574.903
690.832 7455.624
691.118 7345.648
691.403 7286.131
691.688 7235.083
691.974 7154.531
692.259 7107.394
692.544 7032.306
692.830 6919.535
693.115 6882.286
693.401 6800.790
693.686 6672.047
693.971 6620.950
694.257 6568.023
694.542 6504.072
694.828 6492.747
695.113 6446.406
695.398 6342.003
695.684 6293.505
695.969 6249.796
696.255 6143.413
696.540 6098.567
696.830 6001.454
697.120 5981.764
697.410 5896.366
697.699 5811.697
697.989 5757.419
698.279 5687.076
698.569 5632.923
698.859 5540.664
699.149 5520.926
699.439 5501.578
699.729 5433.892
700.018 5416.426
700.308 5356.554
700.598 5287.637
700.888 5237.159
701.178 5177.296
701.468 5124.134
701.758 5056.554
702.048 4972.511
702.337 4907.721
702.627 4856.325
702.917 4841.929
703.207 4796.193
703.497 4786.093
703.787 4721.462
704.077 4672.429
704.366 4579.870
704.656 4565.382
704.946 4537.043
705.236 4455.341
705.526 4405.750
705.816 4330.098
706.106 4328.127
706.396 4334.975
706.685 4269.105
706.975 4253.928
707.265 4153.223
707.555 4130.326
707.845 4051.409
708.135 3982.468
708.425 3964.054
708.715 3946.085
709.004 3862.077
709.294 3879.674
709.584 3817.068
709.874 3754.954
710.164 3677.321
710.454 3689.609
710.744 3667.616
711.034 3644.244
711.323 3568.041
711.613 3529.070
711.903 3573.485
712.193 3490.912
712.483 3413.423
712.773 3383.447
713.063 3343.201
713.352 3336.897
713.642 3233.752
713.932 3213.308
714.222 3222.278
714.512 3180.114
714.802 3139.685
715.092 3135.889
715.382 3081.082
715.671 3030.689
715.961 3015.309
716.251 3019.366
716.541 2949.297
716.831 2892.033
717.121 2868.735
717.411 2874.770
717.701 2818.521
717.990 2788.709
718.280 2710.945
718.570 2738.872
718.860 2726.728
719.150 2680.120
719.440 2621.047
719.730 2586.766
720.019 2585.057
720.309 2515.302
720.599 2510.398
720.889 2507.290
721.179 2533.096
721.469 2480.711
721.759 2418.090
722.049 2431.138
722.338 2372.925
722.628 2350.193
722.918 2323.092
723.208 2270.584
723.498 2316.333
723.788 2272.598
724.078 2217.440
724.368 2224.611
724.657 2173.103
724.947 2174.509
725.237 2144.216
725.527 2127.288
725.817 2067.381
726.107 2109.971
726.397 2071.311
726.686 2043.128
726.976 2046.658
727.266 1953.498
727.556 1941.120
727.846 1921.222
728.136 1899.329
728.426 1899.084
728.716 1869.388
729.005 1895.695
729.295 1825.979
729.585 1802.677
729.875 1821.299
730.165 1807.218
730.455 1764.714
730.745 1760.909
731.035 1738.734
731.324 1748.798
731.614 1720.080
731.904 1646.378
732.194 1665.086
732.484 1653.717
732.774 1646.617
733.064 1594.428
733.354 1625.587
733.643 1589.358
733.933 1561.286
734.223 1541.300
734.513 1579.084
734.803 1519.175
735.093 1479.005
735.383 1510.052
735.672 1495.438
735.962 1452.858
736.252 1446.616
736.542 1413.269
736.832 1432.930
737.122 1373.064
737.412 1358.452
737.702 1341.279
737.991 1389.655
738.281 1346.143
738.571 1324.282
738.861 1303.401
739.151 1318.692
739.441 1285.029
739.731 1263.825
740.021 1254.002
740.310 1209.737
740.600 1277.748
740.890 1217.820
741.180 1153.449
741.470 1175.045
741.760 1167.301
742.050 1147.900
742.339 1149.461
742.629 1159.821
742.919 1107.598
743.209 1155.407
743.499 1160.528
743.789 1119.513
744.079 1116.123
744.369 1093.154
744.658 1073.988
744.948 1077.418
745.238 1072.039
745.528 1060.540
745.818 1019.387
746.108 1006.440
746.398 999.740
746.688 1035.863
746.977 1031.182
747.267 1014.124
747.557 1003.618
747.847 918.103
748.137 980.138
748.427 1000.790
748.717 940.842
749.006 1017.140
749.296 932.674
749.586 900.175
749.876 908.598
750.166 888.660
750.456 886.524
750.746 852.493
751.036 860.894
751.325 833.080
751.615 874.036
751.905 873.540
752.195 824.207
752.485 861.789
752.775 838.551
753.065 830.486
753.355 798.248
753.644 810.689
753.934 808.831
754.224 777.857
754.514 782.315
754.804 799.413
755.094 801.788
755.384 767.020
755.674 716.087
755.963 736.393
756.253 788.113
756.543 727.620
756.833 735.609
757.123 716.374
757.413 760.180
757.703 761.355
757.992 707.500
758.282 752.062
758.572 744.468
758.862 663.381
759.152 668.087
759.442 672.816
759.732 699.928
760.022 599.354
760.311 601.457
760.601 669.849
760.891 660.098
761.181 613.922
761.471 596.185
761.761 657.717
762.051 653.598
762.341 604.184
762.630 631.826
762.920 635.115
763.210 634.712
763.500 654.139
763.796 643.421
764.093 628.557
764.389 599.444
764.686 619.986
764.982 583.265
765.279 596.104
765.575 555.389
765.872 584.475
766.168 565.967
766.465 583.749
766.761 616.497
767.058 588.660
767.354 584.226
767.651 554.096
767.947 525.561
768.244 538.791
768.540 529.167
768.837 585.978
769.133 505.042
769.430 501.666
769.726 522.111
770.023 510.282
770.319 506.841
770.616 484.264
770.912 508.264
771.209 521.804
771.505 470.748
771.801 520.276
772.098 526.389
772.394 488.232
772.691 473.326
772.987 429.891
773.284 482.409
773.580 470.788
773.877 477.280
774.173 490.255
774.470 433.118
774.766 487.930
775.063 479.050
775.359 450.407
775.656 494.460
775.952 415.209
776.249 456.548
776.545 429.720
776.842 450.600
777.138 420.829
777.435 415.023
777.731 444.584
778.028 439.115
778.324 420.278
778.621 386.652
778.917 471.027
779.214 469.596
779.510 423.355
779.806 404.356
780.103 370.406
780.399 410.023
780.696 413.053
780.992 422.460
781.289 411.421
781.585 399.880
781.882 390.396
782.178 388.735
782.475 329.311
782.771 331.793
783.068 327.747
783.364 397.970
783.661 409.720
783.957 457.003
784.254 349.262
784.550 358.340
784.847 415.562
785.143 365.273
785.440 343.589
785.736 382.805
786.033 402.995
786.329 363.847
786.626 348.941
786.922 368.222
787.219 406.930
787.515 327.683
787.811 323.478
788.108 323.500
788.404 321.636
788.701 398.344
788.997 361.716
789.294 392.807
789.590 366.814
789.887 333.960
790.183 307.562
790.480 345.772
790.776 335.729
791.073 323.504
791.369 310.706
791.666 318.427
791.962 348.060
792.259 346.745
792.555 291.242
792.852 351.489
793.148 313.816
793.445 337.075
793.741 260.898
794.038 296.016
794.334 319.047
794.631 325.704
794.927 298.165
795.224 315.297
795.520 345.256
795.816 305.732
796.113 314.187
796.409 295.284
796.706 278.780
797.002 309.886
797.299 290.387
797.595 292.405
797.892 329.672
798.188 303.914
798.485 287.691
798.781 341.209
799.078 308.453
799.374 246.018
799.671 250.177
799.967 304.088
