350.234 460.922
350.497 462.633
350.760 465.773
351.022 468.770
351.285 469.338
351.548 470.621
351.811 473.475
352.074 478.472
352.337 483.612
352.600 483.181
352.863 482.892
353.125 488.175
353.388 489.457
353.651 484.454
353.914 490.737
354.177 494.877
354.440 502.731
354.703 508.014
354.965 513.154
355.228 519.294
355.491 529.148
355.754 525.145
356.017 525.000
356.280 521.854
356.543 527.422
356.805 533.277
357.068 538.417
357.331 543.271
357.594 551.697
357.857 556.837
358.120 561.977
358.383 565.260
358.646 565.971
358.908 567.254
359.171 566.394
359.434 569.963
359.697 575.531
359.960 577.243
360.223 574.669
360.486 581.809
360.748 588.520
361.011 594.517
361.274 589.943
361.537 589.226
361.800 590.795
362.063 598.649
362.326 597.218
362.588 589.930
362.851 587.498
363.114 593.924
363.377 599.636
363.640 608.919
363.903 621.202
364.166 642.771
364.429 683.054
364.691 729.051
364.954 779.477
365.217 825.760
365.480 867.329
365.743 907.040
366.006 932.752
366.269 946.464
366.532 944.318
366.795 927.459
367.058 916.313
367.321 896.025
367.584 867.308
367.847 840.591
368.110 811.874
368.372 787.157
368.635 767.583
368.898 746.009
369.161 739.150
369.424 736.719
369.687 739.573
369.950 733.142
370.213 727.997
370.476 728.566
370.739 728.563
371.002 726.703
371.265 725.558
371.528 721.555
371.791 727.267
372.054 736.836
372.317 747.548
372.580 755.546
372.843 763.686
373.106 768.826
373.369 775.538
373.632 784.107
373.894 793.248
374.157 794.388
374.420 797.814
374.683 802.526
374.946 806.238
375.209 802.093
375.472 799.090
375.735 804.088
375.998 810.657
376.261 814.369
376.524 815.795
376.787 817.793
377.050 827.504
377.313 832.216
377.576 836.357
377.839 838.497
378.102 840.209
378.365 841.635
378.628 843.633
378.891 851.202
379.154 859.771
379.417 854.769
379.679 857.052
379.942 860.193
380.205 865.048
380.468 868.617
380.731 872.186
380.994 872.755
381.257 879.324
381.520 882.751
381.783 894.748
382.046 897.889
382.309 907.458
382.572 910.742
382.835 916.025
383.098 922.023
383.361 931.592
383.624 932.733
383.887 946.016
384.150 951.728
384.413 961.869
384.676 977.009
384.939 984.293
385.201 993.434
385.464 999.574
385.727 1004.858
385.990 1012.141
386.253 1014.425
386.516 1014.708
386.779 1019.706
387.042 1028.418
387.305 1043.988
387.568 1055.843
387.831 1062.698
388.094 1077.838
388.357 1096.979
388.620 1117.405
388.883 1127.975
389.146 1131.544
389.409 1143.542
389.672 1160.683
389.935 1170.680
390.198 1173.393
390.461 1176.962
390.723 1187.103
390.986 1197.386
391.249 1200.527
391.512 1202.811
391.775 1200.279
392.038 1198.348
392.301 1197.125
392.564 1193.123
392.827 1194.978
393.090 1196.705
393.353 1198.940
393.616 1206.512
393.879 1217.477
394.142 1231.758
394.405 1241.147
394.668 1245.466
394.931 1248.555
395.194 1251.419
395.457 1253.440
395.720 1255.728
395.983 1252.813
396.245 1255.257
396.508 1258.583
396.771 1264.353
397.034 1269.303
397.297 1275.972
397.560 1284.441
397.823 1295.005
398.086 1304.137
398.349 1312.914
398.612 1320.755
398.875 1333.455
399.138 1345.807
399.401 1361.229
399.664 1368.269
399.927 1377.306
400.190 1392.063
400.453 1403.354
400.716 1407.736
400.979 1411.243
401.242 1408.335
401.505 1409.974
401.768 1413.803
402.030 1413.146
402.293 1422.838
402.556 1435.128
402.819 1446.747
403.082 1471.060
403.345 1511.037
403.608 1549.163
403.871 1599.621
404.134 1658.200
404.397 1716.789
404.660 1770.481
404.931 1808.240
405.202 1828.881
405.473 1850.021
405.745 1852.482
406.016 1837.151
406.287 1821.898
406.558 1808.863
406.829 1796.597
407.100 1780.689
407.371 1760.124
407.642 1747.308
407.914 1730.050
408.185 1713.081
408.456 1697.974
408.727 1687.272
408.998 1680.180
409.269 1675.176
409.540 1672.489
409.811 1674.953
410.083 1681.555
410.354 1694.864
410.625 1695.847
410.896 1701.199
411.167 1706.205
411.438 1705.411
411.709 1716.548
411.981 1726.530
412.252 1728.548
412.523 1743.980
412.794 1750.336
413.065 1762.765
413.336 1780.148
413.607 1791.705
413.878 1797.945
414.150 1808.405
414.421 1817.051
414.692 1834.218
414.963 1842.588
415.234 1849.509
415.505 1851.612
415.776 1853.341
416.047 1859.146
416.319 1867.947
416.590 1871.128
416.861 1877.235
417.132 1887.740
417.403 1902.394
417.674 1918.105
417.945 1929.201
418.217 1935.933
418.488 1946.160
418.759 1957.140
419.030 1960.759
419.301 1963.709
419.572 1973.195
419.843 1979.575
420.114 1984.971
420.386 1992.511
420.657 2010.251
420.928 2028.272
421.199 2037.869
421.470 2042.780
421.741 2051.563
422.012 2062.055
422.283 2073.439
422.555 2077.666
422.826 2084.336
423.097 2094.869
423.368 2110.330
423.639 2125.076
423.910 2133.054
424.181 2136.974
424.453 2137.808
424.724 2140.772
424.995 2148.311
425.266 2150.379
425.537 2158.669
425.808 2164.608
426.079 2179.389
426.350 2190.791
426.622 2204.959
426.893 2218.574
427.164 2226.059
427.435 2224.435
427.706 2239.352
427.977 2255.400
428.248 2264.348
428.519 2273.321
428.791 2275.287
429.062 2289.344
429.333 2303.643
429.604 2318.046
429.875 2324.098
430.146 2338.066
430.417 2350.462
430.689 2367.199
430.960 2385.863
431.231 2412.583
431.502 2432.435
431.773 2452.685
432.044 2476.301
432.315 2500.868
432.586 2526.323
432.858 2556.529
433.129 2579.832
433.400 2593.344
433.671 2614.126
433.942 2621.555
434.213 2624.604
434.484 2640.748
434.755 2659.545
435.027 2702.977
435.298 2771.299
435.569 2836.521
435.840 2920.309
436.114 2998.204
436.388 3061.897
436.663 3105.650
436.937 3133.863
437.211 3147.709
437.485 3151.399
437.759 3156.082
438.034 3169.595
438.308 3190.899
438.582 3225.492
438.856 3262.878
439.130 3296.618
439.405 3336.845
439.679 3369.539
439.953 3392.530
440.227 3401.257
440.501 3399.391
440.776 3372.352
441.050 3335.417
441.324 3293.422
441.598 3243.212
441.872 3183.510
442.147 3117.276
442.421 3038.943
442.695 2961.756
442.969 2876.438
443.244 2785.823
443.518 2685.958
443.792 2593.053
444.066 2498.853
444.340 2418.873
444.615 2344.430
444.889 2287.589
445.163 2248.651
445.437 2229.665
445.711 2231.731
445.986 2246.984
446.260 2286.902
446.534 2338.876
446.808 2404.743
447.082 2486.245
447.357 2573.253
447.631 2675.870
447.905 2806.605
448.179 2935.295
448.453 3097.680
448.728 3289.225
449.002 3515.949
449.276 3781.206
449.550 4060.086
449.824 4340.154
450.099 4628.813
450.373 4882.994
450.647 5099.564
450.921 5241.454
451.195 5323.547
451.470 5335.190
451.744 5288.512
452.018 5185.152
452.292 5051.269
452.566 4878.474
452.841 4696.801
453.115 4509.638
453.389 4336.885
453.663 4179.984
453.937 4048.235
454.212 3933.137
454.486 3838.217
454.760 3742.889
455.034 3648.054
455.308 3542.017
455.583 3415.441
455.857 3273.311
456.131 3117.624
456.405 2954.124
456.680 2793.737
456.954 2644.061
457.228 2498.878
457.502 2376.896
457.776 2261.260
458.051 2153.932
458.325 2063.158
458.599 1986.865
458.873 1906.106
459.147 1838.951
459.422 1785.556
459.696 1735.359
459.970 1702.734
460.244 1672.604
460.518 1654.166
460.793 1649.757
461.067 1656.305
461.341 1677.755
461.615 1719.589
461.889 1762.539
462.164 1833.930
462.438 1919.051
462.712 2009.860
462.986 2109.194
463.260 2212.814
463.535 2317.724
463.809 2430.422
464.083 2545.389
464.357 2674.811
464.631 2835.434
464.906 3036.416
465.180 3297.711
465.454 3636.695
465.728 4091.902
466.002 4684.339
466.277 5410.493
466.551 6258.862
466.825 7176.697
467.099 8111.396
467.373 9000.626
467.648 9766.200
467.922 10347.853
468.196 10714.782
468.470 10853.284
468.744 10793.319
469.019 10556.268
469.293 10183.671
469.567 9729.390
469.841 9221.016
470.116 8692.400
470.390 8149.250
470.664 7622.544
470.938 7099.802
471.212 6613.796
471.487 6131.754
471.761 5670.865
472.035 5222.478
472.309 4796.966
472.583 4391.863
472.858 4023.936
473.132 3675.247
473.406 3368.103
473.680 3096.355
473.954 2886.157
474.229 2756.905
474.503 2716.379
474.777 2745.574
475.051 2845.283
475.325 2992.626
475.600 3149.800
475.874 3277.414
476.148 3350.971
476.422 3343.283
476.696 3271.029
476.971 3121.668
477.245 2935.481
477.519 2726.497
477.793 2512.436
478.067 2309.303
478.342 2124.542
478.616 1952.689
478.890 1808.724
479.164 1664.797
479.438 1540.665
479.713 1436.908
479.987 1346.006
480.261 1255.025
480.535 1167.870
480.809 1082.677
481.084 1015.151
481.358 951.510
481.632 891.197
481.906 836.599
482.180 791.850
482.455 764.585
482.729 744.673
483.003 726.217
483.277 714.311
483.551 712.167
483.826 711.373
484.100 716.779
484.374 717.336
484.648 716.499
484.923 722.866
485.197 727.410
485.471 729.605
485.745 736.140
486.019 742.270
486.294 747.258
486.568 758.788
486.842 758.020
487.116 764.283
487.390 765.266
487.665 771.229
487.939 780.764
488.213 798.146
488.487 820.231
488.761 852.137
489.036 880.372
489.310 914.620
489.584 946.483
489.858 978.643
490.132 1019.884
490.407 1065.908
490.681 1119.070
490.955 1186.646
491.229 1264.511
491.503 1349.911
491.778 1427.738
492.052 1494.045
492.326 1546.128
492.600 1591.032
492.874 1619.887
493.149 1640.106
493.423 1649.191
493.697 1666.392
493.971 1687.568
494.245 1723.350
494.520 1778.390
494.794 1844.693
495.068 1944.832
495.342 2084.649
495.616 2276.451
495.891 2540.944
496.165 2910.752
496.439 3422.133
496.713 4165.795
496.987 5233.206
497.262 6748.544
497.536 8798.811
497.810 11354.406
498.084 14327.038
498.359 17495.620
498.633 20603.254
498.907 23353.000
499.181 25498.149
499.455 26836.904
499.730 27346.575
500.004 27060.518
500.278 26147.170
500.552 24793.125
500.826 23157.915
501.101 21387.282
501.375 19609.152
501.649 17878.955
501.923 16250.269
502.197 14743.730
502.472 13353.099
502.746 12095.425
503.020 10948.282
503.294 9876.907
503.568 8859.898
503.843 7867.484
504.117 6895.714
504.391 5981.652
504.665 5132.536
504.939 4367.732
505.214 3707.675
505.488 3158.181
505.762 2716.793
506.036 2384.249
506.310 2118.277
506.585 1917.397
506.859 1759.594
507.133 1640.955
507.407 1546.608
507.681 1466.153
507.956 1398.164
508.230 1341.548
508.504 1300.834
508.778 1259.805
509.052 1220.916
509.327 1192.867
509.601 1173.593
509.875 1157.408
510.149 1142.002
510.423 1119.235
510.698 1109.103
510.972 1099.098
511.246 1085.397
511.520 1072.584
511.795 1061.524
512.069 1050.320
512.343 1046.034
512.617 1043.053
512.891 1040.527
513.166 1040.482
513.440 1050.771
513.714 1086.101
513.988 1208.721
514.262 1469.560
514.537 1925.236
514.811 2551.078
515.085 3316.377
515.359 4138.827
515.633 4912.852
515.908 5549.171
516.182 5978.784
516.456 6143.207
516.730 6081.200
517.004 5820.764
517.279 5444.354
517.553 5036.488
517.827 4632.282
518.101 4249.588
518.375 3895.762
518.650 3563.193
518.924 3262.785
519.198 3005.325
519.472 2788.616
519.746 2610.011
520.021 2451.258
520.295 2307.385
520.569 2169.948
520.843 2024.624
521.117 1860.362
521.392 1690.574
521.666 1528.218
521.940 1389.024
522.214 1261.894
522.488 1166.556
522.763 1095.840
523.037 1053.369
523.311 1028.618
523.585 1009.686
523.859 995.247
524.134 988.891
524.408 983.803
524.682 980.979
524.956 977.449
525.231 980.416
525.505 977.592
525.779 972.504
526.053 971.786
526.327 966.694
526.602 961.166
526.876 952.088
527.150 945.860
527.424 947.536
527.698 946.389
527.973 944.953
528.247 942.661
528.521 951.135
528.795 966.854
529.069 967.260
529.344 967.669
529.618 970.189
529.892 970.452
530.166 967.724
530.440 966.428
530.715 961.297
530.989 965.559
531.263 967.972
531.537 971.950
531.811 974.484
532.086 978.448
532.360 979.293
532.634 980.140
532.908 983.149
533.182 985.579
533.457 984.709
533.731 989.003
534.005 994.003
534.279 995.854
534.553 997.997
534.828 994.551
535.102 995.275
535.376 1004.627
535.650 1013.699
535.924 1018.309
536.199 1027.378
536.473 1028.671
536.747 1028.957
537.021 1029.102
537.295 1028.965
537.570 1021.333
537.844 1022.774
538.118 1021.634
538.392 1029.138
538.666 1036.633
538.941 1045.858
539.215 1046.290
539.489 1056.513
539.763 1065.449
540.038 1070.211
540.312 1074.815
540.586 1083.016
540.860 1092.673
541.134 1106.656
541.409 1117.600
541.683 1125.030
541.957 1138.206
542.231 1148.371
542.505 1154.499
542.780 1159.128
543.054 1164.040
543.328 1167.652
543.602 1180.769
543.876 1197.746
544.151 1213.256
544.425 1233.477
544.699 1267.291
544.973 1325.900
545.247 1406.000
545.522 1496.947
545.796 1591.415
546.070 1686.234
546.351 1785.059
546.632 1863.739
546.912 1917.620
547.193 1958.832
547.474 1986.259
547.755 2016.151
548.036 2063.272
548.317 2109.778
548.597 2175.171
548.878 2263.198
549.159 2364.643
549.440 2485.506
549.721 2616.676
550.001 2753.491
550.282 2912.907
550.563 3072.377
550.844 3237.207
551.125 3395.391
551.406 3542.226
551.686 3694.245
551.967 3840.855
552.248 3976.866
552.529 4110.222
552.810 4224.398
553.090 4323.285
553.371 4411.426
553.652 4478.254
553.933 4525.286
554.214 4556.786
554.495 4564.699
554.775 4571.523
555.056 4587.758
555.337 4597.136
555.618 4603.406
555.899 4607.844
556.179 4613.317
556.460 4638.592
556.741 4659.742
557.022 4666.274
557.303 4689.782
557.584 4716.814
557.864 4757.753
558.145 4797.291
558.426 4842.187
558.707 4876.011
558.988 4932.119
559.268 4984.865
559.549 5035.417
559.830 5086.387
560.111 5145.636
560.392 5207.487
560.673 5284.494
560.953 5352.074
561.234 5429.774
561.515 5511.323
561.796 5605.675
562.077 5708.864
562.357 5803.260
562.638 5914.097
562.919 6036.525
563.200 6161.754
563.481 6314.195
563.762 6482.887
564.042 6653.699
564.323 6872.184
564.604 7131.453
564.885 7469.194
565.166 7906.271
565.446 8468.338
565.727 9214.271
566.008 10219.681
566.289 11496.163
566.570 13086.672
566.851 15162.057
567.131 18015.519
567.412 21920.152
567.693 27004.981
567.974 33050.294
568.255 39381.949
568.535 45516.896
568.816 51110.072
569.097 55750.211
569.378 59057.299
569.659 60742.150
569.940 60875.771
570.220 60047.451
570.501 58610.032
570.782 56698.741
571.063 54415.782
571.344 51802.728
571.624 48978.242
571.905 46020.054
572.186 43009.132
572.467 40102.051
572.748 37383.011
573.029 34890.919
573.309 32719.461
573.590 30833.668
573.871 29218.206
574.152 27831.072
574.433 26569.068
574.713 25318.327
574.994 24025.225
575.275 22678.453
575.556 21330.892
575.837 20071.653
576.118 18938.748
576.398 17977.584
576.679 17259.296
576.960 16800.479
577.245 16556.157
577.531 16504.957
577.816 16597.736
578.102 16803.955
578.387 17124.693
578.672 17518.381
578.958 17973.010
579.243 18498.373
579.529 19082.218
579.814 19719.930
580.099 20425.897
580.385 21192.597
580.670 21998.742
580.956 22881.845
581.241 23834.646
581.526 24867.748
581.812 25980.001
582.097 27151.445
582.382 28415.236
582.668 29765.715
582.953 31231.402
583.239 32794.076
583.524 34424.348
583.809 36160.939
584.095 37994.790
584.380 39908.548
584.666 41891.067
584.951 43901.280
585.236 45917.781
585.522 47896.846
585.807 49738.610
586.093 51345.106
586.378 52564.717
586.663 53299.698
586.949 53371.327
587.234 52701.258
587.520 51296.688
587.805 49167.376
588.090 46482.515
588.376 43373.742
588.661 40047.231
588.947 36695.595
589.232 33454.245
589.517 30448.115
589.803 27790.520
590.088 25511.554
590.374 23734.038
590.659 22517.333
590.944 21990.224
591.230 22225.501
591.515 23186.161
591.800 24823.281
592.086 27037.522
592.371 29665.749
592.657 32537.107
592.942 35435.451
593.227 38205.719
593.513 40783.716
593.798 43144.246
594.084 45212.255
594.369 47008.711
594.654 48525.879
594.940 49828.111
595.225 50892.228
595.511 51702.084
595.796 52316.148
596.081 52737.755
596.367 52964.714
596.652 53058.173
596.938 52984.475
597.223 52781.047
597.508 52534.346
597.794 52129.213
598.079 51633.130
598.365 51066.551
598.650 50408.035
598.935 49650.878
599.221 48822.518
599.506 47873.833
599.792 46865.788
600.077 45811.664
600.362 44721.544
600.648 43590.339
600.933 42449.743
601.218 41314.864
601.504 40210.286
601.789 39114.498
602.075 38026.827
602.360 36951.773
602.645 35908.659
602.931 34890.464
603.216 33903.528
603.502 32920.568
603.787 31976.944
604.072 31085.368
604.358 30221.828
604.643 29376.356
604.929 28574.366
605.214 27788.019
605.499 27055.695
605.785 26348.312
606.070 25640.788
606.356 24957.633
606.641 24300.063
606.926 23645.905
607.212 23030.588
607.497 22423.830
607.783 21857.714
608.068 21312.825
608.353 20786.120
608.639 20286.437
608.924 19805.572
609.210 19321.467
609.495 18855.570
609.780 18399.430
610.066 17974.759
610.351 17545.467
610.636 17137.697
610.922 16743.945
611.207 16383.952
611.493 16033.452
611.778 15689.913
612.063 15349.975
612.349 15020.122
612.634 14702.688
612.920 14398.967
613.205 14120.768
613.490 13843.685
613.776 13573.793
614.061 13335.787
614.347 13166.147
614.632 13159.684
614.917 13381.746
615.203 13944.028
615.488 14909.873
615.774 16167.625
616.059 17527.830
616.344 18898.170
616.630 19982.021
616.915 20689.673
617.201 20890.931
617.486 20593.751
617.771 19926.256
618.057 19085.511
618.342 18142.896
618.627 17287.066
618.913 16522.435
619.198 15848.376
619.484 15203.261
619.769 14573.331
620.054 13943.150
620.340 13309.935
620.625 12700.087
620.911 12150.663
621.196 11644.502
621.481 11220.781
621.767 10868.389
622.052 10588.986
622.338 10347.313
622.623 10112.688
622.908 9850.855
623.194 9567.398
623.479 9259.624
623.765 8922.479
624.050 8566.696
624.335 8223.112
624.621 7905.377
624.906 7629.531
625.192 7404.131
625.477 7213.476
625.762 7060.157
626.048 6940.294
626.333 6840.576
626.619 6733.421
626.904 6640.290
627.189 6563.175
627.475 6485.496
627.760 6416.055
628.045 6344.442
628.331 6275.900
628.616 6212.115
628.902 6145.563
629.187 6068.472
629.472 5994.576
629.758 5928.315
630.043 5866.794
630.329 5792.827
630.614 5729.164
630.899 5670.203
631.185 5616.575
631.470 5567.022
631.756 5508.537
632.041 5436.537
632.326 5383.253
632.612 5325.059
632.897 5267.452
633.183 5217.693
633.468 5179.364
633.753 5128.053
634.039 5081.624
634.324 5036.525
634.610 4986.128
634.895 4937.206
635.180 4881.026
635.466 4826.139
635.751 4783.565
636.037 4741.343
636.322 4694.265
636.607 4651.197
636.893 4620.823
637.178 4586.562
637.463 4548.343
637.749 4517.110
638.034 4484.598
638.320 4452.971
638.605 4427.015
638.890 4385.587
639.176 4347.873
639.461 4309.511
639.747 4262.134
640.032 4211.987
640.317 4173.437
640.603 4129.563
640.888 4094.398
641.174 4059.609
641.459 4021.244
641.744 3990.573
642.030 3967.375
642.315 3925.547
642.601 3898.289
642.886 3869.114
643.171 3833.804
643.457 3805.964
643.742 3774.146
644.028 3741.806
644.313 3722.565
644.598 3687.599
644.884 3649.384
645.169 3616.055
645.455 3580.817
645.740 3549.061
646.025 3523.750
646.311 3499.109
646.596 3475.496
646.881 3452.135
647.167 3438.287
647.452 3417.875
647.738 3398.527
648.023 3370.120
648.308 3339.588
648.594 3314.513
648.879 3284.505
649.165 3251.893
649.450 3225.760
649.735 3196.130
650.021 3166.504
650.306 3136.743
650.592 3107.032
650.877 3081.201
651.162 3050.880
651.448 3019.095
651.733 2985.839
652.019 2960.911
652.304 2931.935
652.589 2905.009
652.875 2872.937
653.160 2851.610
653.446 2830.687
653.731 2816.431
654.016 2796.871
654.302 2782.327
654.587 2769.414
654.873 2768.767
655.158 2761.155
655.443 2749.465
655.729 2742.533
656.014 2726.629
656.299 2715.619
656.585 2702.298
656.870 2689.895
657.156 2680.924
657.441 2676.529
657.726 2664.062
658.012 2659.744
658.297 2654.394
658.583 2644.904
658.868 2633.999
659.153 2613.149
659.439 2590.432
659.724 2565.637
660.010 2545.541
660.295 2519.729
660.580 2498.863
660.866 2475.241
661.151 2454.872
661.437 2433.756
661.722 2421.717
662.007 2405.477
662.293 2383.908
662.578 2358.491
662.864 2331.769
663.149 2311.828
663.434 2292.055
663.720 2268.643
664.005 2245.802
664.290 2230.292
664.576 2213.379
664.861 2202.535
665.147 2191.519
665.432 2180.347
665.717 2170.808
666.003 2161.556
666.288 2154.488
666.574 2157.941
666.859 2151.552
667.144 2146.975
667.430 2148.233
667.715 2152.650
668.001 2160.101
668.286 2168.029
668.571 2171.244
668.857 2182.655
669.142 2192.671
669.428 2203.125
669.713 2205.544
669.998 2203.912
670.284 2202.401
670.569 2198.778
670.855 2203.861
671.140 2209.521
671.425 2213.934
671.711 2214.918
671.996 2222.191
672.282 2232.115
672.567 2241.012
672.852 2240.994
673.138 2234.770
673.423 2229.115
673.708 2228.952
673.994 2226.899
674.279 2216.079
674.565 2210.626
674.850 2201.117
675.135 2197.024
675.421 2180.091
675.706 2166.948
675.992 2148.649
676.277 2129.917
676.562 2110.629
676.848 2094.716
677.133 2070.794
677.419 2053.407
677.704 2034.579
677.989 2011.585
678.275 1990.709
678.560 1968.526
678.846 1943.735
679.131 1925.081
679.416 1898.940
679.702 1870.439
679.987 1845.930
680.273 1825.258
680.558 1797.397
680.843 1765.808
681.129 1729.899
681.414 1697.287
681.700 1672.228
681.985 1646.087
682.270 1612.184
682.556 1586.347
682.841 1560.269
683.126 1537.425
683.412 1519.725
683.697 1496.395
683.983 1474.271
684.268 1459.660
684.553 1434.722
684.839 1415.252
685.124 1389.385
685.410 1366.661
685.695 1344.950
685.980 1315.485
686.266 1287.873
686.551 1270.845
686.837 1244.045
687.122 1227.332
687.407 1205.931
687.693 1183.825
687.978 1165.550
688.264 1146.584
688.549 1128.363
688.834 1115.078
689.120 1099.046
689.405 1086.441
689.691 1071.792
689.976 1057.286
690.261 1043.943
690.547 1032.791
690.832 1022.649
691.118 1009.609
691.403 999.028
691.688 985.241
691.974 972.335
692.259 964.068
692.544 952.907
692.830 937.259
693.115 926.812
693.401 915.499
693.686 908.256
693.971 911.616
694.257 905.696
694.542 901.650
694.828 902.246
695.113 897.643
695.398 894.634
695.684 892.206
695.969 880.939
696.255 870.228
696.540 859.828
696.830 855.630
697.120 854.327
697.410 845.932
697.699 838.984
697.989 837.803
698.279 833.026
698.569 829.241
698.859 824.201
699.149 818.582
699.439 815.746
699.729 816.231
700.018 811.946
700.308 808.281
700.598 801.607
700.888 796.752
701.178 792.475
701.468 787.598
701.758 778.786
702.048 777.486
702.337 775.754
702.627 773.702
702.917 769.228
703.207 761.724
703.497 763.744
703.787 766.087
704.077 757.747
704.366 748.412
704.656 742.391
704.946 740.119
705.236 735.256
705.526 727.687
705.816 717.382
706.106 710.834
706.396 716.926
706.685 719.126
706.975 720.315
707.265 722.703
707.555 721.839
707.845 727.311
708.135 724.047
708.425 716.361
708.715 709.493
709.004 699.936
709.294 697.863
709.584 694.825
709.874 687.226
710.164 688.471
710.454 690.713
710.744 690.846
711.034 689.407
711.323 684.333
711.613 681.221
711.903 676.631
712.193 673.429
712.483 666.594
712.773 663.295
713.063 661.575
713.352 664.010
713.642 661.670
713.932 657.149
714.222 654.728
714.512 656.114
714.802 650.913
715.092 643.089
715.382 629.593
715.671 630.357
715.961 629.268
716.251 626.839
716.541 617.973
716.831 616.792
717.121 616.105
717.411 614.509
717.701 603.330
717.990 603.901
718.280 602.385
718.570 604.838
718.860 606.138
719.150 608.762
719.440 606.460
719.730 606.661
720.019 600.441
720.309 591.658
720.599 588.663
720.889 583.678
721.179 577.262
721.469 581.762
721.759 580.966
722.049 578.604
722.338 579.666
722.628 571.386
722.918 566.747
723.208 562.884
723.498 555.173
723.788 553.525
724.078 546.326
724.368 541.405
724.657 540.409
724.947 537.278
725.237 537.278
725.527 538.843
725.817 530.801
726.107 531.869
726.397 534.435
726.686 534.292
726.976 531.589
727.266 528.173
727.556 522.339
727.846 527.314
728.136 527.456
728.426 525.174
728.716 523.393
729.005 524.171
729.295 521.040
729.585 524.871
729.875 517.337
730.165 516.199
730.455 514.994
730.745 514.210
731.035 509.661
731.324 510.300
731.614 499.508
731.904 503.839
732.194 502.916
732.484 504.195
732.774 503.201
733.064 503.627
733.354 504.196
733.643 511.580
733.933 505.263
734.223 502.918
734.513 499.933
734.803 498.939
735.093 495.676
735.383 487.871
735.672 485.740
735.962 487.301
736.252 482.335
736.542 483.044
736.832 478.717
737.122 479.285
737.412 479.852
737.702 477.296
737.991 473.323
738.281 473.672
738.571 469.699
738.861 475.302
739.151 476.651
739.441 471.342
739.731 468.654
740.021 466.746
740.310 466.680
740.600 462.708
740.890 455.828
741.180 451.641
741.470 460.638
741.760 458.213
742.050 455.582
742.339 451.042
742.629 450.474
742.919 449.842
743.209 442.181
743.499 434.865
743.789 434.155
744.079 439.755
744.369 442.513
744.658 439.817
744.948 439.314
745.238 447.466
745.528 454.350
745.818 458.677
746.108 450.073
746.398 448.573
746.688 452.738
746.977 450.369
747.267 442.533
747.557 430.990
747.847 428.211
748.137 428.756
748.427 425.889
748.717 422.596
749.006 421.722
749.296 423.774
749.586 432.034
749.876 430.959
750.166 435.232
750.456 440.217
750.746 446.564
751.036 449.558
751.325 452.533
751.615 449.301
751.905 451.842
752.195 456.885
752.485 455.633
752.775 449.470
753.065 451.235
753.355 450.218
753.644 450.995
753.934 447.992
754.224 442.140
754.514 443.077
754.804 442.771
755.094 440.403
755.384 445.905
755.674 440.586
755.963 435.268
756.253 435.457
756.543 427.418
756.833 423.607
757.123 416.506
757.413 407.833
757.703 408.406
757.992 412.213
758.282 407.341
758.572 411.639
758.862 410.922
759.152 407.483
759.442 397.739
759.732 397.166
760.022 387.966
760.311 381.283
760.601 378.389
760.891 376.811
761.181 376.667
761.471 380.877
761.761 377.062
762.051 380.448
762.341 378.533
762.630 371.110
762.920 366.950
763.210 371.794
763.500 375.007
763.796 375.293
764.093 372.964
764.389 374.930
764.686 377.184
764.982 386.937
765.279 415.709
765.575 471.876
765.872 549.461
766.168 640.631
766.465 727.781
766.761 795.835
767.058 846.116
767.354 860.661
767.651 850.110
767.947 819.140
768.244 772.190
768.540 743.332
768.837 744.523
769.133 766.244
769.430 810.789
769.726 851.890
770.023 890.476
770.319 919.941
770.616 935.213
770.912 926.932
771.209 900.003
771.505 852.567
771.801 809.178
772.098 762.760
772.394 729.093
772.691 690.042
772.987 656.798
773.284 633.742
773.580 621.484
773.877 600.569
774.173 592.827
774.470 578.240
774.766 567.738
775.063 559.255
775.359 546.425
775.656 527.141
775.952 509.439
776.249 479.224
776.545 456.616
776.842 437.153
777.138 418.285
777.435 403.834
777.731 395.056
778.028 390.034
778.324 387.094
778.621 380.272
778.917 374.533
779.214 368.531
779.510 358.147
779.806 350.628
780.103 343.960
780.399 344.318
780.696 343.559
780.992 337.918
781.289 338.673
781.585 337.747
781.882 334.501
782.178 329.105
782.475 323.936
782.771 321.827
783.068 321.695
783.364 316.187
783.661 317.597
783.957 316.102
784.254 315.454
784.550 314.476
784.847 313.126
785.143 316.116
785.440 320.878
785.736 321.906
786.033 324.056
786.329 325.228
786.626 320.389
786.922 316.909
787.219 311.747
787.515 308.132
787.811 302.936
788.108 294.628
788.404 293.295
788.701 295.681
788.997 300.427
789.294 307.766
789.590 309.445
789.887 311.128
790.183 319.205
790.480 318.383
790.776 317.520
791.073 315.720
791.369 307.203
791.666 309.378
791.962 316.132
792.259 311.883
792.555 315.489
792.852 316.790
793.148 316.565
793.445 321.241
793.741 319.715
794.038 318.835
794.334 324.285
794.631 324.285
794.927 327.653
795.224 335.506
795.520 331.345
795.816 327.878
796.113 321.088
796.409 315.498
796.706 311.892
797.002 309.441
797.299 304.772
797.595 309.581
797.892 315.359
798.188 321.780
798.485 325.241
798.781 329.586
799.078 331.758
799.374 327.817
799.671 328.322
799.967 326.838
