350.234 317.338
350.497 328.343
350.760 347.634
351.022 370.782
351.285 400.216
351.548 441.650
351.811 491.083
352.074 552.517
352.337 616.094
352.600 685.670
352.863 758.818
353.125 822.109
353.388 873.971
353.651 921.833
353.914 955.696
354.177 985.843
354.440 991.706
354.703 983.425
354.965 973.573
355.228 955.721
355.491 930.154
355.754 901.873
356.017 878.164
356.280 864.598
356.543 862.602
356.805 873.893
357.068 897.041
357.331 924.331
357.594 961.622
357.857 994.341
358.120 1034.060
358.383 1062.637
358.646 1080.499
358.908 1087.932
359.171 1087.222
359.434 1075.084
359.697 1058.089
359.960 1028.523
360.223 1010.384
360.486 988.246
360.748 977.537
361.011 972.113
361.274 978.975
361.537 993.408
361.800 1010.556
362.063 1032.275
362.326 1062.136
362.588 1094.712
362.851 1130.003
363.114 1168.865
363.377 1216.583
363.640 1288.445
363.903 1391.450
364.166 1546.740
364.429 1738.602
364.691 1963.178
364.954 2213.611
365.217 2466.758
365.480 2713.049
365.743 2914.339
366.006 3051.772
366.269 3129.776
366.532 3142.352
366.795 3086.071
367.058 2979.933
367.321 2828.509
367.584 2642.227
367.847 2432.803
368.110 2214.093
368.372 2006.241
368.635 1809.245
368.898 1637.249
369.161 1487.539
369.424 1375.544
369.687 1278.691
369.950 1205.552
370.213 1144.128
370.476 1110.133
370.739 1082.137
371.002 1062.998
371.265 1044.288
371.528 1048.578
371.791 1051.011
372.054 1065.587
372.317 1070.448
372.580 1083.738
372.843 1097.742
373.106 1106.890
373.369 1110.179
373.632 1116.612
373.894 1122.616
374.157 1128.906
374.420 1133.339
374.683 1137.200
374.946 1144.347
375.209 1156.494
375.472 1165.641
375.735 1182.360
375.998 1215.221
376.261 1259.654
376.524 1312.515
376.787 1374.519
377.050 1435.380
377.313 1497.813
377.576 1547.674
377.839 1584.535
378.102 1613.396
378.365 1639.972
378.628 1664.833
378.891 1689.837
379.154 1713.841
379.417 1742.988
379.679 1774.563
379.942 1799.281
380.205 1821.143
380.468 1835.432
380.731 1845.865
380.994 1851.154
381.257 1840.444
381.520 1831.734
381.783 1816.309
382.046 1795.884
382.309 1768.460
382.572 1743.606
382.835 1713.324
383.098 1694.900
383.361 1669.904
383.624 1654.193
383.887 1632.768
384.150 1616.201
384.413 1593.062
384.676 1578.494
384.939 1563.784
385.201 1550.645
385.464 1541.220
385.727 1535.223
385.990 1538.227
386.253 1549.088
386.516 1561.378
386.779 1575.524
387.042 1589.671
387.305 1607.960
387.568 1633.821
387.831 1657.110
388.094 1677.543
388.357 1708.403
388.620 1739.264
388.883 1782.554
389.146 1834.843
389.409 1910.990
389.672 2019.993
389.935 2158.711
390.198 2342.143
390.461 2599.433
390.723 2911.722
390.986 3282.725
391.249 3711.158
391.512 4169.304
391.775 4645.702
392.038 5118.242
392.301 5546.828
392.564 5926.688
392.827 6241.406
393.090 6466.937
393.353 6609.481
393.616 6671.592
393.879 6647.098
394.142 6554.236
394.405 6416.553
394.668 6211.329
394.931 5973.016
395.194 5715.007
395.457 5445.745
395.720 5177.830
395.983 4919.794
396.245 4659.191
396.508 4435.663
396.771 4229.723
397.034 4041.901
397.297 3887.397
397.560 3754.450
397.823 3642.119
398.086 3564.920
398.349 3520.913
398.612 3507.756
398.875 3555.955
399.138 3621.069
399.401 3720.589
399.664 3829.675
399.927 3938.749
400.190 4045.358
400.453 4163.577
400.716 4266.713
400.979 4401.559
401.242 4570.440
401.505 4821.567
401.768 5154.291
402.030 5580.611
402.293 6076.390
402.556 6625.938
402.819 7206.120
403.082 7842.164
403.345 8502.605
403.608 9203.081
403.871 9899.739
404.134 10603.573
404.397 11295.621
404.660 11932.834
404.931 12445.529
405.202 12805.295
405.473 12986.040
405.745 12986.460
406.016 12801.503
406.287 12503.887
406.558 12122.948
406.829 11693.929
407.100 11285.039
407.371 10922.350
407.642 10626.201
407.914 10384.363
408.185 10166.275
408.456 9973.737
408.727 9813.215
408.998 9619.672
409.269 9389.998
409.540 9123.316
409.811 8875.347
410.083 8653.430
410.354 8496.175
410.625 8420.512
410.896 8456.890
411.167 8594.882
411.438 8864.697
411.709 9222.838
411.981 9661.664
412.252 10141.017
412.523 10652.543
412.794 11177.784
413.065 11691.200
413.336 12138.765
413.607 12544.268
413.878 12878.652
414.150 13162.847
414.421 13359.643
414.692 13478.107
414.963 13553.153
415.234 13630.059
415.505 13662.822
415.776 13652.747
416.047 13618.007
416.319 13551.396
416.590 13404.853
416.861 13154.885
417.132 12801.144
417.403 12385.491
417.674 11911.078
417.945 11379.989
418.217 10809.039
418.488 10270.054
418.759 9777.048
419.030 9317.796
419.301 8895.138
419.572 8517.142
419.843 8191.714
420.114 7922.358
420.386 7698.257
420.657 7538.220
420.928 7437.053
421.199 7387.880
421.470 7393.480
421.741 7429.427
422.012 7513.585
422.283 7651.357
422.555 7851.084
422.826 8112.533
423.097 8435.616
423.368 8854.053
423.639 9334.298
423.910 9840.881
424.181 10352.197
424.453 10796.882
424.724 11134.914
424.995 11344.368
425.266 11389.632
425.537 11297.690
425.808 11098.277
426.079 10788.355
426.350 10412.154
426.622 10031.534
426.893 9663.166
427.164 9305.833
427.435 8995.795
427.706 8718.477
427.977 8481.946
428.248 8288.430
428.519 8118.860
428.791 7982.327
429.062 7877.693
429.333 7783.083
429.604 7704.203
429.875 7664.707
430.146 7676.950
430.417 7732.885
430.689 7860.882
430.960 8052.054
431.231 8293.205
431.502 8572.057
431.773 8855.804
432.044 9111.135
432.315 9323.679
432.586 9448.436
432.858 9472.522
433.129 9438.075
433.400 9349.753
433.671 9224.118
433.942 9086.123
434.213 9022.662
434.484 9230.679
434.755 9853.008
435.027 10864.699
435.298 12264.528
435.569 13998.441
435.840 15869.851
436.114 17689.091
436.388 19242.313
436.663 20393.909
436.937 21102.512
437.211 21332.179
437.485 21099.461
437.759 20572.747
438.034 19898.022
438.308 19112.647
438.582 18265.765
438.856 17381.045
439.130 16498.837
439.405 15667.117
439.679 14871.699
439.953 14117.095
440.227 13418.652
440.501 12745.981
440.776 12134.933
441.050 11605.038
441.324 11142.017
441.598 10792.175
441.872 10523.339
442.147 10320.004
442.421 10170.690
442.695 10059.286
442.969 9977.953
443.244 9907.936
443.518 9850.881
443.792 9816.150
444.066 9797.245
444.340 9787.180
444.615 9802.109
444.889 9817.556
445.163 9843.078
445.437 9891.772
445.711 9946.546
445.986 9989.562
446.260 10054.656
446.534 10110.350
446.808 10192.837
447.082 10288.734
447.357 10386.084
447.631 10486.612
447.905 10603.048
448.179 10736.565
448.453 10900.994
448.728 11083.343
449.002 11304.200
449.276 11594.586
449.550 12067.304
449.824 12776.967
450.099 13636.528
450.373 14606.495
450.647 15676.210
450.921 16812.587
451.195 17974.851
451.470 19138.897
451.744 20346.338
452.018 21706.930
452.292 23220.472
452.566 24920.841
452.841 26840.381
453.115 28932.799
453.389 31140.655
453.663 33299.580
453.937 35290.330
454.212 37058.485
454.486 38483.118
454.760 39494.042
455.034 40078.947
455.308 40126.230
455.583 39681.672
455.857 38819.163
456.131 37614.780
456.405 36148.663
456.680 34511.405
456.954 32756.513
457.228 30988.169
457.502 29246.264
457.776 27512.065
458.051 25811.074
458.325 24169.652
458.599 22601.018
458.873 21127.897
459.147 19747.020
459.422 18474.019
459.696 17341.879
459.970 16369.837
460.244 15520.698
460.518 14788.132
460.793 14154.741
461.067 13606.523
461.341 13092.017
461.615 12615.135
461.889 12117.653
462.164 11649.497
462.438 11180.493
462.712 10728.906
462.986 10306.578
463.260 9917.820
463.535 9564.716
463.809 9272.599
464.083 9002.386
464.357 8783.408
464.631 8570.352
464.906 8378.344
465.180 8221.543
465.454 8092.820
465.728 7974.081
466.002 7900.797
466.277 7850.437
466.551 7832.851
466.825 7846.763
467.099 7881.905
467.373 7941.985
467.648 8022.168
467.922 8093.870
468.196 8168.666
468.470 8234.793
468.744 8279.211
469.019 8314.809
469.293 8334.048
469.567 8362.169
469.841 8446.487
470.116 8601.433
470.390 8869.948
470.664 9238.363
470.938 9711.105
471.212 10247.113
471.487 10816.789
471.761 11440.022
472.035 12193.118
472.309 13137.435
472.583 14421.256
472.858 16195.613
473.132 18598.822
473.406 21653.343
473.680 25221.754
473.954 29021.109
474.229 32832.116
474.503 36286.611
474.777 38972.953
475.051 40753.009
475.325 41576.738
475.600 41423.042
475.874 40452.706
476.148 38791.231
476.422 36665.182
476.696 34381.551
476.971 32077.262
477.245 29866.636
477.519 27855.121
477.793 26069.227
478.067 24503.645
478.342 23140.513
478.616 21889.167
478.890 20670.328
479.164 19420.023
479.438 18152.056
479.713 16868.006
479.987 15613.740
480.261 14444.561
480.535 13405.430
480.809 12479.997
481.084 11695.960
481.358 11049.540
481.632 10522.677
481.906 10128.711
482.180 9839.284
482.455 9668.365
482.729 9631.142
483.003 9715.895
483.277 9923.142
483.551 10224.016
483.826 10596.408
484.100 11038.590
484.374 11446.242
484.648 11801.900
484.923 12084.678
485.197 12235.116
485.471 12290.987
485.745 12201.279
486.019 11969.765
486.294 11670.046
486.568 11318.425
486.842 10913.649
487.116 10514.362
487.390 10155.196
487.665 9853.959
487.939 9598.733
488.213 9382.167
488.487 9188.990
488.761 9029.551
489.036 8885.297
489.310 8702.314
489.584 8525.071
489.858 8361.244
490.132 8242.707
490.407 8177.043
490.681 8158.229
490.955 8177.870
491.229 8251.433
491.503 8338.778
491.778 8439.149
492.052 8521.977
492.326 8598.728
492.600 8670.464
492.874 8729.312
493.149 8793.628
493.423 8878.987
493.697 8970.049
493.971 9051.459
494.245 9154.491
494.520 9303.888
494.794 9487.381
495.068 9682.404
495.342 9881.850
495.616 10063.153
495.891 10217.040
496.165 10304.405
496.439 10335.038
496.713 10346.723
496.987 10395.969
497.262 10510.548
497.536 10749.219
497.810 11117.481
498.084 11602.525
498.359 12154.226
498.633 12714.798
498.907 13243.622
499.181 13680.768
499.455 13990.016
499.730 14114.500
500.004 14064.818
500.278 13867.853
500.552 13559.380
500.826 13167.664
501.101 12790.746
501.375 12429.597
501.649 12182.553
501.923 12041.268
502.197 11987.550
502.472 11995.847
502.746 12013.086
503.020 11974.510
503.294 11888.807
503.568 11718.968
503.843 11469.142
504.117 11132.029
504.391 10762.819
504.665 10393.139
504.939 10005.170
505.214 9672.413
505.488 9495.169
505.762 9529.839
506.036 9939.544
506.310 10730.184
506.585 11931.926
506.859 13554.308
507.133 15776.423
507.407 18765.689
507.681 22645.674
507.956 27250.514
508.230 32351.950
508.504 37613.314
508.778 42735.804
509.052 47283.793
509.327 50869.423
509.601 53242.236
509.875 54415.549
510.149 54510.621
510.423 53715.773
510.698 52342.825
510.972 50501.636
511.246 48356.104
511.520 45980.120
511.795 43361.955
512.069 40648.236
512.343 37952.617
512.617 35256.506
512.891 32667.851
513.166 30143.900
513.440 27723.586
513.714 25406.966
513.988 23154.126
514.262 20985.923
514.537 18956.155
514.811 17076.988
515.085 15410.416
515.359 13926.400
515.633 12655.796
515.908 11582.428
516.182 10700.060
516.456 9990.187
516.730 9387.076
517.004 8881.145
517.279 8473.039
517.553 8131.298
517.827 7875.342
518.101 7669.124
518.375 7500.756
518.650 7393.791
518.924 7325.847
519.198 7276.531
519.472 7277.566
519.746 7326.348
520.021 7494.951
520.295 7769.469
520.569 8152.058
520.843 8677.842
521.117 9326.536
521.392 10001.278
521.666 10654.410
521.940 11211.558
522.214 11616.611
522.488 11851.049
522.763 11880.292
523.037 11725.665
523.311 11469.326
523.585 11129.650
523.859 10723.029
524.134 10302.087
524.408 9911.415
524.682 9598.458
524.956 9381.068
525.231 9245.418
525.505 9212.952
525.779 9243.616
526.053 9276.300
526.327 9270.444
526.602 9167.317
526.876 8968.759
527.150 8713.026
527.424 8439.595
527.698 8179.849
527.973 8011.995
528.247 7936.594
528.521 7937.571
528.795 7948.565
529.069 7975.480
529.344 7965.807
529.618 7925.459
529.892 7860.329
530.166 7779.670
530.440 7671.587
530.715 7586.017
530.989 7494.408
531.263 7384.242
531.537 7277.444
531.811 7173.779
532.086 7090.504
532.360 7077.121
532.634 7169.714
532.908 7447.492
533.182 8008.676
533.457 8990.482
533.731 10516.131
534.005 12677.011
534.279 15685.185
534.553 19613.574
534.828 24339.259
535.102 29666.069
535.376 35265.895
535.650 40718.567
535.924 45722.261
536.199 49958.273
536.473 53272.770
536.747 55688.558
537.021 57324.443
537.295 58298.342
537.570 58826.634
537.844 59093.465
538.118 59182.956
538.392 59042.447
538.666 58663.466
538.941 58005.978
539.215 57031.927
539.489 55724.979
539.763 54103.242
540.038 52123.301
540.312 49837.927
540.586 47299.274
540.860 44495.182
541.134 41559.764
541.409 38606.136
541.683 35645.769
541.957 32799.205
542.231 30156.932
542.505 27731.100
542.780 25593.157
543.054 23777.340
543.328 22303.327
543.602 21189.548
543.876 20370.983
544.151 19829.958
544.425 19636.244
544.699 20124.855
544.973 21288.761
545.247 23056.817
545.522 25336.214
545.796 27925.708
546.070 30414.442
546.351 32575.152
546.632 34096.145
546.912 35140.326
547.193 35814.533
547.474 36166.920
547.755 36360.097
548.036 36592.753
548.317 36721.195
548.597 36557.708
548.878 35873.903
549.159 34603.132
549.440 32845.554
549.721 30751.479
550.001 28679.937
550.282 26972.939
550.563 25864.474
550.844 25405.181
551.125 25502.417
551.406 25890.481
551.686 26380.487
551.967 26642.267
552.248 26547.229
552.529 26063.899
552.810 25129.994
553.090 23854.554
553.371 22454.010
553.652 20993.060
553.933 19610.480
554.214 18352.564
554.495 17135.375
554.775 15977.026
555.056 14918.429
555.337 13927.699
555.618 13044.930
555.899 12295.506
556.179 11667.620
556.460 11164.956
556.741 10740.330
557.022 10335.007
557.303 9918.116
557.584 9477.119
557.864 9032.229
558.145 8609.170
558.426 8238.342
558.707 7951.526
558.988 7718.986
559.268 7515.464
559.549 7339.728
559.830 7172.213
560.111 6998.422
560.392 6805.211
560.673 6594.852
560.953 6382.138
561.234 6206.456
561.515 6053.181
561.796 5920.327
562.077 5797.236
562.357 5677.479
562.638 5579.902
562.919 5482.472
563.200 5421.200
563.481 5396.439
563.762 5414.217
564.042 5472.499
564.323 5585.597
564.604 5709.799
564.885 5850.087
565.166 5975.372
565.446 6139.787
565.727 6548.312
566.008 7396.367
566.289 8650.888
566.570 10314.956
566.851 12327.336
567.131 14571.949
567.412 17026.768
567.693 19535.730
567.974 21872.216
568.255 24040.973
568.535 26111.725
568.816 28058.529
569.097 29937.159
569.378 31667.532
569.659 33271.970
569.940 34807.086
570.220 36175.114
570.501 37349.204
570.782 38375.157
571.063 39171.692
571.344 39645.812
571.624 39663.217
571.905 39167.810
572.186 38228.244
572.467 36818.447
572.748 35023.955
573.029 32992.524
573.309 30871.479
573.590 28724.167
573.871 26612.180
574.152 24616.489
574.433 22746.750
574.713 21000.750
574.994 19390.305
575.275 17972.609
575.556 16767.478
575.837 15784.223
576.118 14984.049
576.398 14356.942
576.679 13839.913
576.960 13414.969
577.245 13005.058
577.531 12595.324
577.816 12188.069
578.102 11807.511
578.387 11446.937
578.672 11148.663
578.958 10885.760
579.243 10649.210
579.529 10426.434
579.814 10169.465
580.099 9869.860
580.385 9548.441
580.670 9185.755
580.956 8830.499
581.241 8482.727
581.526 8151.966
581.812 7845.638
582.097 7555.661
582.382 7284.420
582.668 7035.675
582.953 6789.813
583.239 6559.394
583.524 6335.971
583.809 6145.542
584.095 5986.943
584.380 5844.102
584.666 5733.069
584.951 5659.089
585.236 5632.904
585.522 5657.691
585.807 5744.786
586.093 5910.927
586.378 6214.111
586.663 6726.694
586.949 7537.520
587.234 8743.879
587.520 10282.110
587.805 11995.352
588.090 13725.607
588.376 15266.215
588.661 16397.854
588.947 17056.736
589.232 17232.329
589.517 17092.679
589.803 16897.576
590.088 16891.260
590.374 17281.614
590.659 18231.836
590.944 19688.521
591.230 21527.823
591.515 23586.403
591.800 25714.774
592.086 27806.449
592.371 29808.314
592.657 31657.096
592.942 33353.889
593.227 34912.385
593.513 36326.884
593.798 37581.942
594.084 38651.659
594.369 39454.803
594.654 40028.142
594.940 40393.232
595.225 40533.707
595.511 40529.285
595.796 40442.635
596.081 40255.020
596.367 40050.504
596.652 39812.268
596.938 39520.844
597.223 39223.407
597.508 38861.497
597.794 38392.955
598.079 37894.758
598.365 37327.913
598.650 36739.822
598.935 36115.268
599.221 35433.699
599.506 34694.166
599.792 33939.697
600.077 33134.698
600.362 32320.423
600.648 31494.317
600.933 30638.423
601.218 29823.796
601.504 29064.704
601.789 28352.775
602.075 27675.902
602.360 27045.341
602.645 26426.105
602.931 25865.196
603.216 25270.479
603.502 24680.591
603.787 24071.816
604.072 23485.435
604.358 22895.813
604.643 22314.611
604.929 21744.889
605.214 21196.835
605.499 20683.804
605.785 20189.829
606.070 19696.902
606.356 19207.031
606.641 18727.430
606.926 18263.039
607.212 17824.024
607.497 17387.116
607.783 16972.035
608.068 16572.336
608.353 16193.296
608.639 15836.178
608.924 15500.973
609.210 15158.524
609.495 14844.745
609.780 14555.948
610.066 14268.284
610.351 13991.615
610.636 13721.545
610.922 13450.005
611.207 13220.833
611.493 12961.877
611.778 12704.012
612.063 12465.136
612.349 12239.987
612.634 12008.219
612.920 11794.913
613.205 11576.265
613.490 11384.350
613.776 11213.284
614.061 11067.848
614.347 10942.816
614.632 10847.429
614.917 10764.263
615.203 10694.923
615.488 10651.674
615.774 10604.025
616.059 10560.916
616.344 10499.879
616.630 10409.077
616.915 10312.891
617.201 10209.607
617.486 10072.864
617.771 9909.135
618.057 9733.600
618.342 9568.010
618.627 9456.512
618.913 9368.778
619.198 9321.996
619.484 9316.937
619.769 9349.122
620.054 9467.475
620.340 9749.645
620.625 10156.427
620.911 10655.777
621.196 11217.177
621.481 11747.987
621.767 12192.164
622.052 12496.107
622.338 12556.600
622.623 12421.133
622.908 12189.180
623.194 12005.635
623.479 11983.970
623.765 12151.188
624.050 12484.411
624.335 12933.350
624.621 13362.514
624.906 13768.519
625.192 14085.834
625.477 14308.108
625.762 14505.242
626.048 14607.237
626.333 14667.863
626.619 14745.549
626.904 14784.321
627.189 14746.580
627.475 14620.336
627.760 14377.134
628.045 14060.271
628.331 13701.492
628.616 13322.407
628.902 12932.523
629.187 12534.029
629.472 12179.048
629.758 12006.397
630.043 12075.057
630.329 12347.086
630.614 12807.182
630.899 13343.864
631.185 13824.789
631.470 14174.907
631.756 14262.603
632.041 14083.782
632.326 13678.194
632.612 13091.189
632.897 12429.097
633.183 11804.090
633.468 11262.787
633.753 10792.799
634.039 10372.018
634.324 9979.239
634.610 9592.102
634.895 9220.213
635.180 8858.424
635.466 8490.990
635.751 8141.902
636.037 7803.890
636.322 7509.645
636.607 7278.712
636.893 7094.881
637.178 7011.492
637.463 6998.618
637.749 7046.438
638.034 7117.940
638.320 7155.883
638.605 7134.967
638.890 7073.151
639.176 6924.892
639.461 6717.573
639.747 6471.298
640.032 6221.571
640.317 6034.839
640.603 5961.727
640.888 5981.293
641.174 6067.439
641.459 6221.634
641.744 6368.740
642.030 6478.625
642.315 6541.508
642.601 6512.335
642.886 6409.595
643.171 6264.294
643.457 6082.358
643.742 5917.967
644.028 5803.296
644.313 5725.649
644.598 5675.565
644.884 5631.260
645.169 5583.881
645.455 5529.735
645.740 5446.821
646.025 5349.415
646.311 5237.281
646.596 5115.251
646.881 5008.617
647.167 4920.216
647.452 4834.323
647.738 4773.328
648.023 4715.831
648.308 4654.931
648.594 4610.151
648.879 4542.750
649.165 4466.745
649.450 4391.411
649.735 4310.434
650.021 4233.314
650.306 4154.741
650.592 4077.076
650.877 4011.937
651.162 3943.457
651.448 3886.384
651.733 3834.781
652.019 3792.462
652.304 3762.858
652.589 3732.047
652.875 3709.145
653.160 3693.042
653.446 3674.323
653.731 3652.343
654.016 3625.876
654.302 3595.702
654.587 3586.187
654.873 3575.097
655.158 3575.777
655.443 3590.186
655.729 3614.789
656.014 3636.538
656.299 3665.762
656.585 3671.472
656.870 3669.242
657.156 3662.583
657.441 3641.861
657.726 3608.831
658.012 3579.467
658.297 3546.912
658.583 3512.908
658.868 3489.700
659.153 3457.903
659.439 3419.204
659.724 3382.909
660.010 3347.324
660.295 3306.376
660.580 3262.447
660.866 3215.194
661.151 3175.297
661.437 3152.308
661.722 3128.451
662.007 3094.853
662.293 3068.069
662.578 3037.388
662.864 3011.213
663.149 2985.556
663.434 2943.166
663.720 2907.984
664.005 2881.945
664.290 2842.796
664.576 2819.555
664.861 2797.116
665.147 2766.098
665.432 2750.086
665.717 2739.033
666.003 2720.311
666.288 2709.881
666.574 2704.662
666.859 2698.204
667.144 2707.805
667.430 2703.348
667.715 2697.334
668.001 2701.749
668.286 2714.157
668.571 2725.339
668.857 2735.423
669.142 2744.743
669.428 2777.506
669.713 2869.940
669.998 3090.809
670.284 3432.537
670.569 3871.440
670.855 4383.680
671.140 4899.466
671.425 5354.534
671.711 5708.902
671.996 5888.605
672.282 5914.540
672.567 5821.663
672.852 5641.692
673.138 5453.867
673.423 5315.224
673.708 5217.460
673.994 5151.888
674.279 5106.635
674.565 5046.983
674.850 4962.961
675.135 4859.936
675.421 4727.990
675.706 4558.275
675.992 4388.497
676.277 4216.392
676.562 4065.089
676.848 3948.853
677.133 3851.020
677.419 3779.204
677.704 3727.280
677.989 3671.810
678.275 3606.026
678.560 3535.551
678.846 3444.119
679.131 3338.666
679.416 3225.210
679.702 3118.983
679.987 3012.727
680.273 2913.951
680.558 2835.051
680.843 2791.585
681.129 2769.249
681.414 2768.311
681.700 2773.157
681.985 2804.495
682.270 2850.715
682.556 2894.773
682.841 2930.488
683.126 2959.588
683.412 2970.976
683.697 2982.220
683.983 2976.419
684.268 2959.335
684.553 2934.028
684.839 2902.910
685.124 2868.140
685.410 2828.482
685.695 2782.745
685.980 2741.388
686.266 2692.252
686.551 2645.763
686.837 2593.307
687.122 2535.972
687.407 2486.812
687.693 2445.232
687.978 2393.891
688.264 2354.807
688.549 2319.525
688.834 2292.118
689.120 2273.680
689.405 2240.356
689.691 2210.335
689.976 2184.533
690.261 2158.137
690.547 2128.149
690.832 2094.391
691.118 2050.926
691.403 2020.922
691.688 1985.666
691.974 1949.975
692.259 1913.138
692.544 1870.829
692.830 1841.852
693.115 1807.906
693.401 1783.686
693.686 1760.930
693.971 1749.977
694.257 1741.062
694.542 1739.221
694.828 1732.160
695.113 1733.406
695.398 1726.969
695.684 1728.347
695.969 1711.609
696.255 1703.649
696.540 1701.089
696.830 1692.260
697.120 1686.616
697.410 1679.379
697.699 1660.709
697.989 1659.644
698.279 1657.040
698.569 1651.930
698.859 1649.375
699.149 1649.713
699.439 1647.505
699.729 1652.092
700.018 1666.498
700.308 1675.302
700.598 1688.186
700.888 1698.098
701.178 1705.265
701.468 1713.400
701.758 1721.778
702.048 1708.201
702.337 1687.422
702.627 1659.825
702.917 1633.707
703.207 1606.002
703.497 1577.287
703.787 1535.481
704.077 1508.982
704.366 1482.663
704.656 1456.348
704.946 1437.530
705.236 1413.957
705.526 1392.649
705.816 1384.608
706.106 1367.196
706.396 1351.010
706.685 1337.133
706.975 1316.337
707.265 1306.307
707.555 1293.491
707.845 1280.386
708.135 1266.240
708.425 1258.110
708.715 1256.345
709.004 1246.066
709.294 1229.902
709.584 1217.019
709.874 1199.222
710.164 1187.955
710.454 1172.544
710.744 1154.504
711.034 1147.400
711.323 1143.194
711.613 1140.735
711.903 1126.822
712.193 1117.034
712.483 1110.999
712.773 1102.824
713.063 1093.941
713.352 1086.920
713.642 1080.870
713.932 1080.841
714.222 1079.946
714.512 1078.066
714.802 1073.321
715.092 1064.005
715.382 1055.970
715.671 1049.522
715.961 1050.514
716.251 1044.657
716.541 1041.655
716.831 1042.500
717.121 1048.916
717.411 1046.764
717.701 1045.323
717.990 1038.188
718.280 1027.336
718.570 1021.900
718.860 1014.189
719.150 1001.349
719.440 992.939
719.730 982.954
720.019 976.965
720.309 977.826
720.599 975.545
720.889 967.427
721.179 963.578
721.469 958.013
721.759 949.188
722.049 945.917
722.338 931.963
722.628 919.588
722.918 915.471
723.208 909.653
723.498 905.548
723.788 903.569
724.078 898.056
724.368 893.566
724.657 891.005
724.947 889.441
725.237 892.002
725.527 887.734
725.817 880.074
726.107 875.370
726.397 881.444
726.686 879.594
726.976 876.322
727.266 868.212
727.556 867.074
727.846 869.775
728.136 862.811
728.426 861.566
728.716 853.340
729.005 848.241
729.295 849.700
729.585 848.461
729.875 844.908
730.165 846.757
730.455 841.480
730.745 845.341
731.035 845.910
731.324 840.775
731.614 838.362
731.904 839.522
732.194 836.511
732.484 835.232
732.774 831.114
733.064 827.703
733.354 823.297
733.643 818.185
733.933 808.845
734.223 805.094
734.513 796.489
734.803 790.525
735.093 775.539
735.383 775.026
735.672 773.607
735.962 776.019
736.252 769.777
736.542 768.075
736.832 765.413
737.122 773.500
737.412 769.102
737.702 764.985
737.991 760.445
738.281 763.960
738.571 759.278
738.861 759.739
739.151 755.946
739.441 752.010
739.731 748.676
740.021 744.742
740.310 737.966
740.600 739.385
740.890 742.330
741.180 738.889
741.470 741.833
741.760 740.339
742.050 738.174
742.339 738.742
742.629 734.486
742.919 726.157
743.209 729.562
743.499 722.855
743.789 719.873
744.079 721.538
744.369 722.209
744.658 729.019
744.948 725.716
745.238 721.846
745.528 722.802
745.818 726.457
746.108 727.414
746.398 727.376
746.688 718.876
746.977 721.734
747.267 727.203
747.557 730.401
747.847 724.957
748.137 721.749
748.427 719.678
748.717 721.873
749.006 724.785
749.296 725.463
749.586 720.763
749.876 722.999
750.166 722.145
750.456 721.148
750.746 722.045
751.036 722.045
751.325 715.555
751.615 720.005
751.905 732.710
752.195 741.664
752.485 748.040
752.775 749.451
753.065 749.194
753.355 754.547
753.644 752.938
753.934 743.643
754.224 735.709
754.514 731.598
754.804 733.812
755.094 735.921
755.384 733.023
755.674 732.088
755.963 727.427
756.253 729.885
756.543 734.105
756.833 733.925
757.123 733.029
757.413 736.430
757.703 733.135
757.992 740.478
758.282 737.613
758.572 737.327
758.862 733.598
759.152 726.864
759.442 721.562
759.732 720.990
760.022 713.891
760.311 711.125
760.601 704.450
760.891 700.865
761.181 693.844
761.471 688.497
761.761 684.152
762.051 679.180
762.341 675.785
762.630 671.285
762.920 668.847
763.210 675.062
763.500 675.304
763.796 675.591
764.093 677.363
764.389 673.392
764.686 668.704
764.982 663.972
765.279 657.993
765.575 657.895
765.872 655.408
766.168 653.972
766.465 658.280
766.761 662.157
767.058 667.658
767.354 667.701
767.651 658.268
767.947 653.154
768.244 647.268
768.540 641.095
768.837 640.330
769.133 638.989
769.430 646.306
769.726 654.209
770.023 664.437
770.319 671.851
770.616 679.024
770.912 676.783
771.209 676.401
771.505 669.674
771.801 667.150
772.098 660.853
772.394 657.276
772.691 659.411
772.987 668.310
773.284 673.825
773.580 687.363
773.877 708.370
774.173 727.718
774.470 743.927
774.766 747.615
775.063 750.014
775.359 746.684
775.656 740.544
775.952 726.358
776.249 716.297
776.545 702.511
776.842 693.361
777.138 678.543
777.435 679.717
777.731 672.432
778.028 666.806
778.324 657.401
778.621 659.522
778.917 662.970
779.214 670.390
779.510 672.402
779.806 682.583
780.103 692.335
780.399 699.021
780.696 700.325
780.992 700.033
781.289 697.450
781.585 693.305
781.882 689.325
782.178 679.486
782.475 677.596
782.771 673.925
783.068 676.304
783.364 677.057
783.661 675.794
783.957 672.655
784.254 680.174
784.550 678.349
784.847 677.881
785.143 675.448
785.440 677.409
785.736 677.084
786.033 678.995
786.329 675.161
786.626 678.187
786.922 686.976
787.219 692.272
787.515 695.468
787.811 698.302
788.108 691.838
788.404 683.987
788.701 689.826
788.997 681.871
789.294 671.885
789.590 666.319
789.887 657.289
790.183 655.773
790.480 654.262
790.776 632.221
791.073 618.903
791.369 612.011
791.666 607.204
791.962 607.396
792.259 608.192
792.555 606.528
792.852 612.182
793.148 617.697
793.445 616.228
793.741 611.651
794.038 609.487
794.334 596.677
794.631 595.429
794.927 585.815
795.224 577.111
795.520 572.118
795.816 561.023
796.113 551.462
796.409 547.507
796.706 533.777
797.002 527.750
797.299 519.776
797.595 511.525
797.892 507.436
798.188 504.737
798.485 501.757
798.781 502.105
799.078 505.025
799.374 506.974
799.671 506.622
799.967 508.423
