350.23	0.005667897
350.5	0.0056181
350.76	0.005606784
351.02	0.005588685
351.29	0.00559775
351.55	0.005590951
351.81	0.005658895
352.07	0.005681543
352.34	0.005729089
352.6	0.005880794
352.86	0.006064196
353.12	0.006116276
353.39	0.0062227
353.65	0.006292895
353.91	0.006449116
354.18	0.006582706
354.44	0.006646117
354.7	0.006707246
354.96	0.006849885
355.23	0.007012922
355.49	0.007166877
355.75	0.007148778
356.02	0.007194058
356.28	0.007264252
356.54	0.007302749
356.81	0.007307297
357.07	0.0072756
357.33	0.007169191
357.59	0.007216737
357.86	0.007221286
358.12	0.007169207
358.38	0.007067331
358.65	0.006976771
358.91	0.006883944
359.17	0.006879427
359.43	0.006795666
359.7	0.006720955
359.96	0.006773034
360.22	0.006850028
360.49	0.007065112
360.75	0.007248514
361.01	0.007395686
361.27	0.007574556
361.54	0.007776073
361.8	0.00803872
362.06	0.008310416
362.33	0.008713435
362.59	0.009175317
362.85	0.009915694
363.11	0.011043225
363.38	0.013114902
363.64	0.020058944
363.9	0.038482054
364.17	0.07228982
364.43	0.123270907
364.69	0.190324948
364.95	0.270438388
365.22	0.355573649
365.48	0.436934628
365.74	0.505437693
366.01	0.555698785
366.27	0.584240215
366.53	0.589314115
366.8	0.572020803
367.06	0.539148132
367.32	0.496030334
367.58	0.445357174
367.85	0.389046387
368.11	0.329760543
368.37	0.27150487
368.63	0.217745726
368.9	0.170407613
369.16	0.129816575
369.42	0.096579365
369.69	0.070535263
369.95	0.051419338
370.21	0.038045229
370.48	0.028861973
370.74	0.022628875
371	0.018623661
371.26	0.016094651
371.53	0.014450908
371.79	0.013264514
372.05	0.012343033
372.32	0.01149853
372.58	0.010850995
372.84	0.010180812
373.11	0.009510646
373.37	0.008996701
373.63	0.008577848
373.89	0.008195211
374.16	0.007857869
374.42	0.007538627
374.68	0.007239766
374.95	0.007122041
375.21	0.006929605
375.47	0.006685073
375.74	0.006544716
376	0.006490371
376.26	0.006426991
376.52	0.006445107
376.79	0.006334165
377.05	0.006189275
377.31	0.006159844
377.58	0.006057968
377.84	0.006017221
378.1	0.006042119
378.37	0.006055717
378.63	0.00615081
378.89	0.006422506
379.15	0.006657988
379.42	0.006834591
379.68	0.00697498
379.94	0.007054224
380.2	0.007042908
380.47	0.007033858
380.73	0.006954614
380.99	0.006882169
381.26	0.00686632
381.52	0.006850487
381.78	0.006802941
382.05	0.00672823
382.31	0.006603706
382.57	0.006483714
382.83	0.006413536
383.1	0.006388637
383.36	0.006227883
383.62	0.006094309
383.89	0.005981101
384.15	0.005999232
384.41	0.005938103
384.68	0.005763766
384.94	0.005652825
385.2	0.005657358
385.46	0.005646042
385.73	0.005756999
385.99	0.005754733
386.25	0.005802295
386.52	0.00590192
386.78	0.005831726
387.04	0.005824943
387.31	0.00581136
387.57	0.005775146
387.83	0.005838541
388.09	0.005886088
388.36	0.00593365
388.62	0.006021943
388.88	0.006114786
389.15	0.006418179
389.41	0.006864212
389.67	0.007495914
389.94	0.008363065
390.2	0.009384188
390.46	0.01058418
390.72	0.011761525
390.99	0.012789431
391.25	0.013393951
391.51	0.013618117
391.77	0.013674301
392.04	0.013472213
392.3	0.012933354
392.56	0.012303934
392.83	0.011479796
393.09	0.010829552
393.35	0.0102563
393.62	0.009510931
393.88	0.008838244
394.14	0.008297451
394.4	0.007782555
394.67	0.007310198
394.93	0.00691244
395.19	0.006532719
395.46	0.006371457
395.72	0.006311501
395.98	0.006276444
396.25	0.006173537
396.51	0.006262861
396.77	0.006352375
397.03	0.006497392
397.3	0.006693362
397.56	0.006793495
397.82	0.006961667
398.09	0.007296901
398.35	0.007395496
398.61	0.007586442
398.88	0.007727433
399.14	0.007687415
399.4	0.007777325
399.66	0.007806947
399.93	0.007801099
400.19	0.007941899
400.45	0.008011317
400.72	0.008075124
400.98	0.008270746
401.24	0.008389882
401.5	0.008521458
401.77	0.008776545
402.03	0.009132351
402.29	0.009656265
402.56	0.010445709
402.82	0.013266701
403.08	0.026292121
403.35	0.052310833
403.61	0.091000935
403.87	0.141101383
404.13	0.200807585
404.4	0.261265053
404.66	0.314463736
404.93	0.352153762
405.2	0.37261693
405.47	0.376023536
405.75	0.363197352
406.02	0.337332372
406.29	0.30806635
406.56	0.282077212
406.83	0.25915927
407.1	0.238589772
407.37	0.219682592
407.64	0.201362119
407.91	0.182003708
408.19	0.16147285
408.46	0.140623779
408.73	0.120403098
409	0.101046731
409.27	0.0834053
409.54	0.069042448
409.81	0.058557782
410.08	0.051010201
410.35	0.045127965
410.62	0.040266851
410.9	0.035934185
411.17	0.031787345
411.44	0.028076268
411.71	0.024561637
411.98	0.021532075
412.25	0.019049249
412.52	0.016978539
412.79	0.015402724
413.06	0.014458468
413.34	0.013828938
413.61	0.013451467
413.88	0.013126978
414.15	0.012734736
414.42	0.012498668
414.69	0.012199316
414.96	0.011938112
415.23	0.011724518
415.5	0.011451047
415.78	0.011259498
416.05	0.011229781
416.32	0.011102373
416.59	0.011069185
416.86	0.011036981
417.13	0.011034239
417.4	0.011180634
417.67	0.011230764
417.94	0.011271971
418.22	0.01138865
418.49	0.01142759
418.76	0.011503474
419.03	0.011617427
419.3	0.011548105
419.57	0.011571339
419.84	0.011562258
420.11	0.011530988
420.39	0.011660837
420.66	0.011661233
420.93	0.011579263
421.2	0.011641787
421.47	0.011763506
421.74	0.011907445
422.01	0.012018244
422.28	0.012078517
422.56	0.012144559
422.83	0.012381514
423.1	0.012548687
423.37	0.012723167
423.64	0.012815581
423.91	0.013062822
424.18	0.013189977
424.45	0.013418501
424.72	0.013551964
425	0.013615185
425.27	0.013674032
425.54	0.013803944
425.81	0.013863219
426.08	0.013949626
426.35	0.014075973
426.62	0.014224334
426.89	0.014505333
427.16	0.014775777
427.44	0.014982049
427.71	0.015224758
427.98	0.015655021
428.25	0.01599577
428.52	0.016362369
428.79	0.016733168
429.06	0.017060826
429.33	0.017569065
429.6	0.018033752
429.88	0.018362742
430.15	0.018880839
430.42	0.019356066
430.69	0.019863766
430.96	0.020382323
431.23	0.020730902
431.5	0.021201817
431.77	0.02169657
432.04	0.022118813
432.31	0.022871299
432.59	0.024478891
432.86	0.027343055
433.13	0.032180887
433.4	0.040292558
433.67	0.052022258
433.94	0.067271328
434.21	0.090624367
434.48	0.147549374
434.75	0.242680412
435.03	0.367369106
435.3	0.500765608
435.57	0.630445946
435.84	0.75645456
436.11	0.874067381
436.39	0.957186626
436.66	0.997920051
436.94	1
437.21	0.982864669
437.49	0.95682231
437.76	0.912979207
438.03	0.855364968
438.31	0.789344855
438.58	0.717443331
438.86	0.643104434
439.13	0.566142418
439.4	0.489027857
439.68	0.420052402
439.95	0.355107583
440.23	0.291338048
440.5	0.232046371
440.78	0.179919004
441.05	0.135821496
441.32	0.100011503
441.6	0.073320785
441.87	0.055788029
442.15	0.045188286
442.42	0.038774528
442.69	0.034455237
442.97	0.031638128
443.24	0.029577324
443.52	0.027981223
443.79	0.026852043
444.07	0.02583829
444.34	0.02497079
444.62	0.02420935
444.89	0.023679112
445.16	0.023121361
445.44	0.022634835
445.71	0.022256207
445.99	0.022019743
446.26	0.021726888
446.53	0.02149781
446.81	0.02123304
447.08	0.021052965
447.36	0.02089592
447.63	0.020709981
447.9	0.020445639
448.18	0.020291922
448.45	0.020242489
448.73	0.020029989
449	0.019820626
449.28	0.019753379
449.55	0.019548803
449.82	0.019473648
450.1	0.019293193
450.37	0.01910659
450.65	0.019009896
450.92	0.018967643
451.19	0.018801611
451.47	0.018776776
451.74	0.018732447
452.02	0.018544242
452.29	0.018486394
452.57	0.018442858
452.84	0.018361395
453.12	0.018378496
453.39	0.01822958
453.66	0.018040266
453.94	0.018156707
454.21	0.018052755
454.49	0.018094057
454.76	0.018179656
455.03	0.018205157
455.31	0.018353296
455.58	0.018475538
455.86	0.018534733
456.13	0.018632172
456.4	0.018697247
456.68	0.018639985
456.95	0.018625499
457.23	0.018714902
457.5	0.018807491
457.78	0.018825178
458.05	0.018927926
458.32	0.018953744
458.6	0.019046095
458.87	0.019122977
459.15	0.019059012
459.42	0.019003446
459.7	0.018870395
459.97	0.018820852
460.24	0.01879749
460.52	0.018703856
460.79	0.018548141
461.07	0.01857388
461.34	0.018662237
461.62	0.018758708
461.89	0.018781166
462.16	0.018866766
462.44	0.018970496
462.71	0.019078442
462.99	0.019062863
463.26	0.019034097
463.54	0.019172568
463.81	0.019336952
464.08	0.019293954
464.36	0.019332863
464.63	0.019406132
464.91	0.019646257
465.18	0.019781036
465.45	0.019853401
465.73	0.019822417
466	0.01993022
466.28	0.019962647
466.55	0.020041828
466.82	0.020007689
467.1	0.020097172
467.37	0.020203644
467.65	0.020307881
467.92	0.020450457
468.2	0.02069903
468.47	0.020786341
468.74	0.02084701
469.02	0.020920057
469.29	0.020895302
469.57	0.020983611
469.84	0.021032077
470.12	0.020907442
470.39	0.020986004
470.66	0.021014437
470.94	0.020938204
471.21	0.020885063
471.49	0.02088202
471.76	0.020877472
472.04	0.021003692
472.31	0.020992138
472.58	0.020966732
472.86	0.021059955
473.13	0.021152369
473.41	0.021200882
473.68	0.021300064
473.95	0.021461389
474.23	0.02149063
474.5	0.021541473
474.78	0.021579716
475.05	0.021688883
475.32	0.021765607
475.6	0.021772153
475.87	0.021772549
476.15	0.021947694
476.42	0.022056496
476.7	0.022138941
476.97	0.022076497
477.25	0.022128386
477.52	0.022210927
477.79	0.022100873
478.07	0.022060411
478.34	0.022173999
478.62	0.0222712
478.89	0.022444126
479.16	0.022402444
479.44	0.022301075
479.71	0.022453382
479.99	0.022548126
480.26	0.022488201
480.54	0.022519836
480.81	0.022559648
481.08	0.022679766
481.36	0.022812833
481.63	0.022904153
481.91	0.02298606
482.18	0.023110235
482.45	0.023123231
482.73	0.023182569
483	0.023299898
483.28	0.023428638
483.55	0.023501764
483.83	0.023458529
484.1	0.023459258
484.37	0.023559058
484.65	0.023649745
484.92	0.023620805
485.2	0.023663073
485.47	0.023731952
485.75	0.02390575
486.02	0.024120375
486.29	0.024175687
486.57	0.024351736
486.84	0.024549132
487.12	0.024669774
487.39	0.024676097
487.67	0.024692453
487.94	0.024711155
488.21	0.024741997
488.49	0.024706559
488.76	0.024760666
489.04	0.024849277
489.31	0.025045057
489.58	0.025212056
489.86	0.025306452
490.13	0.025492929
490.41	0.025806878
490.68	0.026659749
490.95	0.028049278
491.23	0.029960184
491.5	0.032420917
491.78	0.03512542
492.05	0.037627281
492.33	0.039674566
492.6	0.040893228
492.87	0.041336931
493.15	0.040911644
493.42	0.040003397
493.7	0.03867037
493.97	0.037286151
494.25	0.036161187
494.52	0.034993558
494.79	0.034057654
495.07	0.033567483
495.34	0.033062064
495.62	0.033035248
495.89	0.03325851
496.17	0.033412545
496.44	0.033750156
496.71	0.033939454
496.99	0.033809668
497.26	0.033549288
497.54	0.032992044
497.81	0.032326553
498.08	0.031555905
498.36	0.030920051
498.63	0.030428056
498.91	0.029859845
499.18	0.029387487
499.45	0.029014501
499.73	0.028780351
500	0.028621197
500.28	0.028500794
500.55	0.028225088
500.83	0.0281551
501.1	0.028105572
501.38	0.027909824
501.65	0.027630584
501.92	0.02755191
502.2	0.027294589
502.47	0.027214854
502.75	0.027182903
503.02	0.027149414
503.29	0.02720368
503.57	0.027258692
503.84	0.027234348
504.12	0.027378318
504.39	0.027552069
504.67	0.027686689
504.94	0.02771463
505.21	0.027885654
505.49	0.027955358
505.76	0.028064603
506.04	0.028143847
506.31	0.028087521
506.58	0.028084335
506.86	0.028151613
507.13	0.028217243
507.41	0.028200428
507.68	0.028169839
507.96	0.028181964
508.23	0.028219922
508.5	0.028291067
508.78	0.028520589
509.05	0.028420029
509.33	0.028522032
509.6	0.028533696
509.88	0.028566345
510.15	0.028686701
510.42	0.028744137
510.7	0.02864822
510.97	0.028790669
511.25	0.028912625
511.52	0.029116156
511.8	0.02926618
512.07	0.029344727
512.34	0.029490726
512.62	0.029664651
512.89	0.029689233
513.17	0.029816007
513.44	0.029959439
513.71	0.029896646
513.99	0.02997253
514.26	0.030029808
514.54	0.030049809
514.81	0.030064215
515.09	0.030040965
515.36	0.030069588
515.63	0.030168326
515.91	0.030211435
516.18	0.030194683
516.46	0.030119005
516.73	0.030287747
517	0.030371761
517.28	0.030309919
517.55	0.030384646
517.83	0.030415805
518.1	0.030431432
518.38	0.030632553
518.65	0.030689974
518.92	0.030670765
519.2	0.030800582
519.47	0.030837605
519.75	0.030975617
520.02	0.031111647
520.29	0.0310809
520.57	0.031050296
520.84	0.031221891
521.12	0.031244745
521.39	0.031426753
521.67	0.031435739
521.94	0.031509896
522.21	0.031528058
522.49	0.031660285
522.76	0.031682679
523.04	0.031785776
523.31	0.031781227
523.59	0.031776742
523.86	0.031805825
524.13	0.03197379
524.41	0.031933503
524.68	0.031951412
524.96	0.032099075
525.23	0.032164008
525.5	0.032304967
525.78	0.032434848
526.05	0.032533649
526.33	0.032804854
526.6	0.032925986
526.88	0.03283904
527.15	0.032940282
527.42	0.033032918
527.7	0.033125285
527.97	0.033267449
528.25	0.033347232
528.52	0.033611178
528.79	0.033886059
529.07	0.034022169
529.34	0.034185459
529.62	0.034313105
529.89	0.034422304
530.17	0.03452036
530.44	0.034601126
530.72	0.034707059
530.99	0.034762831
531.26	0.034901999
531.54	0.035010009
531.81	0.035150968
532.09	0.035309076
532.36	0.035292451
532.63	0.035414154
532.91	0.035636798
533.18	0.035705391
533.46	0.03582627
533.73	0.036043367
534	0.036157954
534.28	0.036406384
534.55	0.036563715
534.83	0.036702487
535.1	0.037097487
535.38	0.037551301
535.65	0.037873999
535.92	0.038518126
536.2	0.039380063
536.47	0.040280862
536.75	0.041289987
537.02	0.042332806
537.29	0.043437405
537.57	0.044569437
537.84	0.045638677
538.12	0.046623014
538.39	0.047426818
538.67	0.048032258
538.94	0.048272146
539.22	0.048349837
539.49	0.04830649
539.76	0.048066603
540.04	0.047659526
540.31	0.047439989
540.59	0.047108907
540.86	0.047079206
541.13	0.047111189
541.41	0.047095214
541.68	0.04699982
541.96	0.046966014
542.23	0.046774735
542.5	0.046647897
542.78	0.046331983
543.05	0.046093141
543.33	0.046257066
543.6	0.046586895
543.88	0.047218597
544.15	0.049095602
544.42	0.062946728
544.7	0.117878019
544.97	0.215401069
545.25	0.342709143
545.52	0.479726717
545.8	0.617128038
546.07	0.752419233
546.35	0.871865079
546.63	0.941735674
546.91	0.961525553
547.19	0.941020814
547.47	0.902574642
547.75	0.856845516
548.04	0.804843781
548.32	0.748334679
548.6	0.690703037
548.88	0.631496199
549.16	0.575612808
549.44	0.522487774
549.72	0.472755763
550	0.429183897
550.28	0.393244466
550.56	0.364121353
550.84	0.340103964
551.12	0.318553504
551.41	0.296722775
551.69	0.271304621
551.97	0.240970358
552.25	0.207383032
552.53	0.174023851
552.81	0.143032259
553.09	0.115613668
553.37	0.093420762
553.65	0.077529895
553.93	0.067183145
554.21	0.060730796
554.5	0.056773968
554.77	0.054142638
555.06	0.052388635
555.34	0.05079854
555.62	0.04965879
555.9	0.048827678
556.18	0.048162314
556.46	0.047651348
556.74	0.04725684
557.02	0.04674001
557.3	0.046512802
557.58	0.046318305
557.86	0.046165824
558.14	0.046019746
558.43	0.045770824
558.71	0.045550573
558.99	0.045415431
559.27	0.045202597
559.55	0.044963042
559.83	0.044893165
560.11	0.044880375
560.39	0.044736626
560.67	0.044592529
560.95	0.044493823
561.23	0.044507801
561.51	0.044277486
561.8	0.044025823
562.08	0.043774176
562.36	0.043655072
562.64	0.043511926
562.92	0.043394962
563.2	0.043214539
563.48	0.043190686
563.76	0.042973368
564.04	0.042756873
564.32	0.042755066
564.6	0.042737205
564.88	0.042648309
565.17	0.042621699
565.45	0.042630669
565.73	0.042725809
566.01	0.042727093
566.29	0.042592521
566.57	0.042691909
566.85	0.042728282
567.13	0.042825055
567.41	0.043043071
567.69	0.043132933
567.97	0.043218168
568.25	0.043445155
568.53	0.043346607
568.82	0.043427642
569.1	0.043378352
569.38	0.043211369
569.66	0.04323977
569.94	0.043352725
570.22	0.043354056
570.5	0.043385801
570.78	0.04342433
571.06	0.043588048
571.34	0.043761164
571.62	0.043982065
571.9	0.04421341
572.19	0.044581498
572.47	0.045111387
572.75	0.045646792
573.03	0.046119815
573.31	0.046565895
573.59	0.047122743
573.87	0.04788496
574.15	0.04858806
574.43	0.049758003
574.71	0.05141227
574.99	0.054064076
575.27	0.060579551
575.56	0.079686663
575.84	0.116378611
576.12	0.168285744
576.4	0.232063282
576.68	0.302199393
576.96	0.368065613
577.25	0.422947788
577.53	0.464778663
577.82	0.498480575
578.1	0.528293682
578.39	0.556031419
578.67	0.584007143
578.96	0.614956466
579.24	0.644032635
579.53	0.66335694
579.81	0.664214027
580.1	0.64569164
580.38	0.611288387
580.67	0.565849881
580.96	0.517460707
581.24	0.47477387
581.53	0.438837641
581.81	0.408504598
582.1	0.38150448
582.38	0.355997414
582.67	0.330417698
582.95	0.304324844
583.24	0.27784902
583.52	0.252045058
583.81	0.227888025
584.1	0.206901577
584.38	0.188547156
584.67	0.172542273
584.95	0.158228916
585.24	0.145620971
585.52	0.133249235
585.81	0.120778382
586.09	0.108728916
586.38	0.097393138
586.66	0.087178742
586.95	0.07871453
587.23	0.072100047
587.52	0.067779092
587.8	0.064879965
588.09	0.062957997
588.38	0.061544188
588.66	0.060713362
588.95	0.060070075
589.23	0.059569459
589.52	0.059000851
589.8	0.05869218
590.09	0.058275769
590.37	0.058117344
590.66	0.057731457
590.94	0.057524583
591.23	0.057413895
591.51	0.057664195
591.8	0.058205226
592.09	0.059272262
592.37	0.060729385
592.66	0.062870607
592.94	0.065619312
593.23	0.068906148
593.51	0.072787283
593.8	0.077259609
594.08	0.082041162
594.37	0.086891673
594.65	0.0911014
594.94	0.094209398
595.23	0.09625773
595.51	0.096978914
595.8	0.096298715
596.08	0.094196022
596.37	0.091316786
596.65	0.088134853
596.94	0.085137559
597.22	0.082288768
597.51	0.07965495
597.79	0.077114149
598.08	0.074914271
598.37	0.072886322
598.65	0.07092928
598.93	0.068976675
599.22	0.067220533
599.51	0.065642832
599.79	0.064299138
600.08	0.063149545
600.36	0.061840101
600.65	0.060755124
600.93	0.059608368
601.22	0.0583459
601.5	0.057040925
601.79	0.055695393
602.08	0.054383794
602.36	0.053426336
602.64	0.052438606
602.93	0.051668133
603.22	0.051094216
603.5	0.050709375
603.79	0.050572077
604.07	0.050540997
604.36	0.050414841
604.64	0.050421133
604.93	0.050475193
605.21	0.050603981
605.5	0.050766558
605.78	0.050904997
606.07	0.051085832
606.36	0.051370381
606.64	0.051552864
606.93	0.051978658
607.21	0.0524888
607.5	0.053286739
607.78	0.054172196
608.07	0.055477171
608.35	0.057200237
608.64	0.059406961
608.92	0.061820528
609.21	0.064452682
609.5	0.066886868
609.78	0.069248197
610.07	0.071239282
610.35	0.072693331
610.64	0.073718495
610.92	0.07443597
611.21	0.074857089
611.49	0.075222372
611.78	0.07566308
612.06	0.076274971
612.35	0.077291148
612.63	0.078557642
612.92	0.080292215
613.21	0.08263405
613.49	0.085923913
613.78	0.090638045
614.06	0.097133899
614.35	0.105990639
614.63	0.117642727
614.92	0.131690379
615.2	0.147601548
615.49	0.163862326
615.77	0.178676061
616.06	0.190807544
616.34	0.199030554
616.63	0.203278889
616.91	0.204024544
617.2	0.202367789
617.49	0.200029583
617.77	0.198954004
618.06	0.200747154
618.34	0.206924463
618.63	0.217634626
618.91	0.232674856
619.2	0.250539422
619.48	0.269306578
619.77	0.28689398
620.05	0.30136825
620.34	0.310465574
620.62	0.313992329
620.91	0.311686851
621.2	0.304174898
621.48	0.293360324
621.77	0.280339818
622.05	0.266352931
622.34	0.252699202
622.62	0.239125921
622.91	0.225578538
623.19	0.21278692
623.48	0.200047651
623.76	0.188014526
624.05	0.176574304
624.34	0.166224242
624.62	0.157223262
624.91	0.149515101
625.19	0.142638115
625.48	0.136815613
625.76	0.131606649
626.05	0.126976675
626.33	0.122061723
626.62	0.116748839
626.9	0.111261397
627.19	0.105518852
627.48	0.099894349
627.76	0.09431744
628.04	0.088986488
628.33	0.084300171
628.62	0.080134788
628.9	0.076719403
629.19	0.074076662
629.47	0.071612633
629.76	0.069645955
630.04	0.068217581
630.33	0.06686983
630.61	0.06591448
630.9	0.064926704
631.18	0.063813119
631.47	0.062908263
631.76	0.062230426
632.04	0.061184341
632.33	0.060458403
632.61	0.059695489
632.9	0.058952909
633.18	0.058386948
633.47	0.057708175
633.75	0.056915735
634.04	0.056389602
634.32	0.055700544
634.61	0.054965461
634.89	0.054458616
635.18	0.053999016
635.47	0.053593287
635.75	0.053115461
636.04	0.05266461
636.32	0.052308266
636.61	0.052091708
636.89	0.051689021
637.18	0.051305575
637.46	0.051033531
637.75	0.050793295
638.03	0.050567069
638.32	0.050364473
638.61	0.050107644
638.89	0.049828942
639.18	0.049637473
639.46	0.049467827
639.75	0.049392371
640.03	0.049147777
640.32	0.04889288
640.6	0.048536076
640.89	0.048468433
641.17	0.04831115
641.46	0.048073751
641.74	0.047854799
642.03	0.047824671
642.32	0.04769078
642.6	0.047678054
642.89	0.0475176
643.17	0.047397546
643.46	0.047260945
643.74	0.047133045
644.03	0.046987283
644.31	0.046963732
644.6	0.046874598
644.88	0.046770155
645.17	0.046700547
645.46	0.046791392
645.74	0.046860097
646.02	0.046926265
646.31	0.046922557
646.6	0.046975761
646.88	0.047113693
647.17	0.047196995
647.45	0.047258139
647.74	0.047373408
648.02	0.047414741
648.31	0.047451986
648.59	0.047708166
648.88	0.047942237
649.16	0.048189352
649.45	0.048453393
649.74	0.048689112
650.02	0.049006912
650.31	0.049471647
650.59	0.049680598
650.88	0.049844189
651.16	0.050039763
651.45	0.050295325
651.73	0.050449407
652.02	0.050582125
652.3	0.050662811
652.59	0.050851333
652.88	0.050955808
653.16	0.051039046
653.45	0.050969612
653.73	0.050992863
654.02	0.050899783
654.3	0.050897627
654.59	0.050669278
654.87	0.050526781
655.16	0.050363047
655.44	0.050192863
655.73	0.050003295
656.01	0.049927902
656.3	0.049652149
656.59	0.049505674
656.87	0.04926902
657.16	0.049053603
657.44	0.048689461
657.73	0.048284254
658.01	0.047915754
658.3	0.047540771
658.58	0.047154774
658.87	0.047055687
659.15	0.04677949
659.44	0.046787985
659.72	0.046638562
660.01	0.046421941
660.29	0.046315009
660.58	0.046201563
660.87	0.045908804
661.15	0.045760729
661.44	0.045455037
661.72	0.045300717
662.01	0.04518052
662.29	0.045172976
662.58	0.044965134
662.86	0.04482511
663.15	0.044679808
663.43	0.044562163
663.72	0.044528405
664	0.044427844
664.29	0.044201412
664.58	0.044194518
664.86	0.04416141
665.15	0.044196436
665.43	0.0442094
665.72	0.044123864
666	0.044077031
666.29	0.044089979
666.57	0.044034128
666.86	0.043857604
667.14	0.043720813
667.43	0.043620569
667.72	0.043609158
668	0.04363347
668.29	0.043515761
668.57	0.043545494
668.86	0.043608144
669.14	0.043576652
669.43	0.043489642
669.71	0.043419321
670	0.043351362
670.28	0.043425566
670.57	0.043373344
670.86	0.043418941
671.14	0.043408798
671.42	0.04346281
671.71	0.043441938
672	0.043372757
672.28	0.0433645
672.57	0.043376545
672.85	0.043397038
673.14	0.043282356
673.42	0.043171937
673.71	0.043040218
673.99	0.042999201
674.28	0.042828842
674.57	0.042581379
674.85	0.042432258
675.13	0.042563438
675.42	0.042564358
675.71	0.042613267
675.99	0.042638292
676.28	0.042642239
676.56	0.042719517
676.85	0.042618022
677.13	0.042473639
677.42	0.042346119
677.7	0.042321284
677.99	0.042216492
678.27	0.042134966
678.56	0.042257556
678.85	0.042303042
679.13	0.042319874
679.42	0.042311918
679.7	0.042170626
679.99	0.042075485
680.27	0.042086706
680.56	0.042003579
680.84	0.041907837
681.13	0.041782441
681.41	0.041672926
681.7	0.041633652
681.99	0.041586613
682.27	0.041490395
682.56	0.041325647
682.84	0.041274249
683.13	0.041153037
683.41	0.041216623
683.7	0.041273457
683.98	0.041239477
684.27	0.041056486
684.55	0.041016627
684.84	0.040930885
685.12	0.041003393
685.41	0.041024044
685.7	0.040973581
685.98	0.041042888
686.27	0.041129074
686.55	0.041089135
686.84	0.041016769
687.12	0.040865017
687.41	0.040788341
687.69	0.040777294
687.98	0.040662358
688.26	0.040580927
688.55	0.040566156
688.83	0.040646763
689.12	0.040793919
689.4	0.040814586
689.69	0.040901929
689.98	0.0413611
690.26	0.041933448
690.55	0.042631224
690.83	0.043292547
691.12	0.043905658
691.4	0.044559801
691.69	0.045003029
691.97	0.045175971
692.26	0.045150692
692.54	0.04485936
692.83	0.044641217
693.12	0.04452831
693.4	0.044291544
693.69	0.044197719
693.97	0.044152582
694.26	0.044135259
694.54	0.044250544
694.83	0.044464376
695.11	0.044524807
695.4	0.044915829
695.68	0.045455909
695.97	0.045969647
696.25	0.046829873
696.54	0.047911982
696.83	0.049153007
697.12	0.050965222
697.41	0.053135272
697.7	0.055757251
697.99	0.058780759
698.28	0.062067976
698.57	0.065181457
698.86	0.06805876
699.15	0.070206796
699.44	0.071626611
699.73	0.072049315
700.02	0.071759123
700.31	0.070712135
700.6	0.069328551
700.89	0.067619289
701.18	0.066031635
701.47	0.064612501
701.76	0.063538824
702.05	0.062751297
702.34	0.062312206
702.63	0.062044709
702.92	0.06197152
703.21	0.062401482
703.5	0.062964083
703.79	0.06366414
704.08	0.064462524
704.37	0.065157193
704.66	0.065774234
704.95	0.06631135
705.24	0.066194624
705.53	0.065831036
705.82	0.065042701
706.11	0.064009898
706.4	0.062539477
706.68	0.061117126
706.98	0.059605864
707.26	0.057975418
707.55	0.056409715
707.85	0.055060823
708.13	0.053638519
708.42	0.052578884
708.72	0.051478613
709	0.050424097
709.29	0.049635317
709.58	0.048750384
709.87	0.047891046
710.16	0.047121158
710.45	0.046390845
710.74	0.045553791
711.03	0.044940553
711.32	0.044336618
711.61	0.043866273
711.9	0.043411635
712.19	0.042944586
712.48	0.04245676
712.77	0.042097594
713.06	0.041704718
713.35	0.041184687
713.64	0.040591657
713.93	0.040019499
714.22	0.039503573
714.51	0.039024923
714.8	0.03865945
715.09	0.038249806
715.38	0.037950755
715.67	0.037677791
715.96	0.037493628
716.25	0.037298909
716.54	0.037024677
716.83	0.036859913
717.12	0.036728368
717.41	0.03650967
717.7	0.036451696
717.99	0.036358964
718.28	0.036324335
718.57	0.036205041
718.86	0.036121644
719.15	0.035960478
719.44	0.035988704
719.73	0.035820834
720.02	0.035702649
720.31	0.03546021
720.6	0.035521212
720.89	0.035315796
721.18	0.035202826
721.47	0.034986489
721.76	0.03487764
722.05	0.034685204
722.34	0.034763798
722.63	0.034598099
722.92	0.034631508
723.21	0.034603503
723.5	0.034738075
723.79	0.034845926
724.08	0.034817811
724.37	0.034604755
724.66	0.034471704
724.95	0.034435617
725.24	0.034250709
725.53	0.03408157
725.82	0.033918882
726.11	0.033856137
726.4	0.033856723
726.69	0.033791331
726.98	0.033685334
727.27	0.033755243
727.56	0.033601906
727.85	0.033482501
728.14	0.033457714
728.43	0.033371607
728.72	0.033418742
729	0.03347025
729.29	0.033595646
729.59	0.033975621
729.88	0.034356357
730.16	0.034773133
730.46	0.035115768
730.75	0.03548915
731.03	0.035718942
731.32	0.035701366
731.61	0.035647353
731.9	0.035525238
732.19	0.035302657
732.48	0.035203539
732.77	0.034987472
733.06	0.0347757
733.35	0.034676582
733.64	0.034523546
733.93	0.034399418
734.22	0.034290156
734.51	0.034156598
734.8	0.033999061
735.09	0.033906108
735.38	0.033797528
735.67	0.03359498
735.96	0.033379135
736.25	0.033221741
736.54	0.033064362
736.83	0.032998938
737.12	0.032747117
737.41	0.032641453
737.7	0.032513157
737.99	0.03244572
738.28	0.032351372
738.57	0.032214217
738.86	0.032142184
739.15	0.032209541
739.44	0.031975819
739.73	0.031953298
740.02	0.031892597
740.31	0.031692395
740.6	0.031667671
740.89	0.031431682
741.18	0.031242923
741.47	0.031256299
741.76	0.031141522
742.05	0.030988644
742.34	0.030844737
742.63	0.03072557
742.92	0.030593201
743.21	0.030489787
743.5	0.030374899
743.79	0.03029163
744.08	0.03024421
744.37	0.030313723
744.66	0.030273261
744.95	0.030306702
745.24	0.030295259
745.53	0.030263514
745.82	0.030261073
746.11	0.030242847
746.4	0.03013227
746.69	0.0300461
746.98	0.029961911
747.27	0.029828464
747.56	0.029753484
747.85	0.029676617
748.14	0.029567831
748.43	0.029560477
748.72	0.029496701
749.01	0.029520902
749.3	0.029540888
749.59	0.029534104
749.88	0.02947063
750.17	0.029434511
750.46	0.029360021
750.75	0.02937839
751.04	0.029342239
751.33	0.029253406
751.62	0.029211661
751.9	0.029135539
752.2	0.029067928
752.49	0.028973025
752.77	0.028783743
753.07	0.028653513
753.36	0.028643655
753.64	0.028561685
753.93	0.028511825
754.22	0.028394956
754.51	0.028363702
754.8	0.028333209
755.09	0.028353147
755.38	0.028266533
755.67	0.028086221
755.96	0.027894546
756.25	0.027842926
756.54	0.027707942
756.83	0.027632406
757.12	0.027504776
757.41	0.027433884
757.7	0.027420254
757.99	0.027461747
758.28	0.02743222
758.57	0.02736182
758.86	0.027375466
759.15	0.027316429
759.44	0.027261925
759.73	0.027341407
760.02	0.027362913
760.31	0.027412298
760.6	0.027438179
760.89	0.027313148
761.18	0.02726091
761.47	0.027107985
761.76	0.026900556
762.05	0.026737646
762.34	0.02665192
762.63	0.026691907
762.92	0.026623709
763.21	0.026588176
763.5	0.02660561
763.8	0.026639701
764.09	0.026501658
764.39	0.026172652
764.69	0.025936981
764.98	0.025834692
765.28	0.025635378
765.58	0.025495211
765.87	0.025351114
766.17	0.025337452
766.47	0.025435303
766.76	0.025417092
767.06	0.025385727
767.35	0.025363365
767.65	0.025336501
767.95	0.025285103
768.24	0.025178156
768.54	0.025187269
768.84	0.025157267
769.13	0.025106789
769.43	0.025207317
769.73	0.025225987
770.02	0.025133827
770.32	0.025085884
770.62	0.024991013
770.91	0.024887584
771.21	0.024774994
771.5	0.024739049
771.8	0.024688396
772.1	0.024772981
772.39	0.024871259
772.69	0.024835742
772.99	0.02483308
773.28	0.024953642
773.58	0.024789242
773.88	0.024672706
774.17	0.02462714
774.47	0.02457709
774.77	0.02455758
775.06	0.024488574
775.36	0.024382197
775.66	0.024324571
775.95	0.024212995
776.25	0.024105493
776.54	0.023965469
776.84	0.023846
777.14	0.023742508
777.43	0.023641107
777.73	0.023591659
778.03	0.023595066
778.32	0.023516472
778.62	0.023526615
778.92	0.023428083
779.21	0.023414944
779.51	0.023294208
779.81	0.023257328
780.1	0.023153344
780.4	0.023044003
780.7	0.022943458
780.99	0.02288401
781.29	0.022918988
781.59	0.022869587
781.88	0.022787585
782.18	0.022771958
782.48	0.022813863
782.77	0.022692302
783.07	0.022722827
783.36	0.022623154
783.66	0.022620381
783.96	0.022656215
784.25	0.022667642
784.55	0.022507204
784.85	0.022560868
785.14	0.02250573
785.44	0.022394741
785.74	0.022275495
786.03	0.022133791
786.33	0.022100873
786.63	0.022088114
786.92	0.021990248
787.22	0.021901304
787.51	0.021836641
787.81	0.021837862
788.11	0.021833567
788.4	0.021694509
788.7	0.021674365
789	0.021616755
789.29	0.021620115
789.59	0.021646361
789.89	0.021657169
790.18	0.02155561
790.48	0.02150052
790.78	0.021413763
791.07	0.021301538
791.37	0.021186301
791.67	0.020954687
791.96	0.020808799
792.26	0.02078314
792.55	0.020701803
792.85	0.020755214
793.15	0.020799955
793.45	0.02075309
793.74	0.020827833
794.04	0.020871085
794.33	0.020887203
794.63	0.020825662
794.93	0.020692469
795.22	0.020610356
795.52	0.02052024
795.82	0.020489461
796.11	0.020421391
796.41	0.020308642
796.71	0.020341624
797	0.020326868
797.3	0.020252696
797.6	0.020302636
797.89	0.020236134
798.19	0.020227988
798.49	0.020234295
798.78	0.020265708
799.08	0.020200902
799.37	0.020202027
799.67	0.020125684
799.97	0.02020068
