    350.00 0.0634000000
    351.00 0.0632000000
    352.00 0.0630000000
    353.00 0.0626000000
    354.00 0.0626000000
    355.00 0.0624000000
    356.00 0.0620000000
    357.00 0.0619000000
    358.00 0.0618000000
    359.00 0.0617000000
    360.00 0.0615000000
    361.00 0.0613000000
    362.00 0.0612000000
    363.00 0.0613000000
    364.00 0.0613000000
    365.00 0.0612000000
    366.00 0.0612000000
    367.00 0.0612000000
    368.00 0.0614000000
    369.00 0.0617000000
    370.00 0.0619000000
    371.00 0.0623000000
    372.00 0.0623000000
    373.00 0.0624000000
    374.00 0.0628000000
    375.00 0.0633000000
    376.00 0.0635000000
    377.00 0.0637000000
    378.00 0.0647000000
    379.00 0.0655000000
    380.00 0.0658000000
    381.00 0.0664000000
    382.00 0.0670000000
    383.00 0.0673000000
    384.00 0.0678000000
    385.00 0.0683000000
    386.00 0.0687000000
    387.00 0.0688000000
    388.00 0.0691000000
    389.00 0.0692000000
    390.00 0.0694000000
    391.00 0.0698000000
    392.00 0.0700000000
    393.00 0.0701000000
    394.00 0.0703000000
    395.00 0.0705000000
    396.00 0.0707000000
    397.00 0.0706000000
    398.00 0.0708000000
    399.00 0.0708000000
    400.00 0.0710000000
    401.00 0.0710000000
    402.00 0.0709000000
    403.00 0.0711000000
    404.00 0.0711000000
    405.00 0.0712000000
    406.00 0.0714000000
    407.00 0.0713000000
    408.00 0.0712000000
    409.00 0.0712000000
    410.00 0.0712000000
    411.00 0.0712000000
    412.00 0.0712000000
    413.00 0.0712000000
    414.00 0.0712000000
    415.00 0.0710000000
    416.00 0.0709000000
    417.00 0.0711000000
    418.00 0.0709000000
    419.00 0.0709000000
    420.00 0.0710000000
    421.00 0.0710000000
    422.00 0.0710000000
    423.00 0.0711000000
    424.00 0.0712000000
    425.00 0.0711000000
    426.00 0.0713000000
    427.00 0.0712000000
    428.00 0.0713000000
    429.00 0.0713000000
    430.00 0.0712000000
    431.00 0.0714000000
    432.00 0.0715000000
    433.00 0.0717000000
    434.00 0.0719000000
    435.00 0.0720000000
    436.00 0.0720000000
    437.00 0.0725000000
    438.00 0.0726000000
    439.00 0.0729000000
    440.00 0.0731000000
    441.00 0.0736000000
    442.00 0.0740000000
    443.00 0.0741000000
    444.00 0.0747000000
    445.00 0.0753000000
    446.00 0.0758000000
    447.00 0.0762000000
    448.00 0.0769000000
    449.00 0.0775000000
    450.00 0.0782000000
    451.00 0.0789000000
    452.00 0.0796000000
    453.00 0.0805000000
    454.00 0.0814000000
    455.00 0.0823000000
    456.00 0.0833000000
    457.00 0.0844000000
    458.00 0.0855000000
    459.00 0.0866000000
    460.00 0.0880000000
    461.00 0.0892000000
    462.00 0.0908000000
    463.00 0.0924000000
    464.00 0.0941000000
    465.00 0.0958000000
    466.00 0.0978000000
    467.00 0.0998000000
    468.00 0.1020000000
    469.00 0.1043000000
    470.00 0.1070000000
    471.00 0.1097000000
    472.00 0.1128000000
    473.00 0.1163000000
    474.00 0.1199000000
    475.00 0.1238000000
    476.00 0.1282000000
    477.00 0.1328000000
    478.00 0.1380000000
    479.00 0.1433000000
    480.00 0.1492000000
    481.00 0.1557000000
    482.00 0.1626000000
    483.00 0.1703000000
    484.00 0.1784000000
    485.00 0.1874000000
    486.00 0.1969000000
    487.00 0.2069000000
    488.00 0.2174000000
    489.00 0.2291000000
    490.00 0.2409000000
    491.00 0.2535000000
    492.00 0.2666000000
    493.00 0.2801000000
    494.00 0.2939000000
    495.00 0.3083000000
    496.00 0.3230000000
    497.00 0.3383000000
    498.00 0.3531000000
    499.00 0.3677000000
    500.00 0.3822000000
    501.00 0.3972000000
    502.00 0.4108000000
    503.00 0.4244000000
    504.00 0.4372000000
    505.00 0.4489000000
    506.00 0.4602000000
    507.00 0.4705000000
    508.00 0.4802000000
    509.00 0.4887000000
    510.00 0.4955000000
    511.00 0.5016000000
    512.00 0.5066000000
    513.00 0.5103000000
    514.00 0.5132000000
    515.00 0.5149000000
    516.00 0.5157000000
    517.00 0.5157000000
    518.00 0.5146000000
    519.00 0.5128000000
    520.00 0.5103000000
    521.00 0.5073000000
    522.00 0.5035000000
    523.00 0.4991000000
    524.00 0.4945000000
    525.00 0.4894000000
    526.00 0.4837000000
    527.00 0.4777000000
    528.00 0.4717000000
    529.00 0.4650000000
    530.00 0.4586000000
    531.00 0.4514000000
    532.00 0.4445000000
    533.00 0.4375000000
    534.00 0.4300000000
    535.00 0.4228000000
    536.00 0.4155000000
    537.00 0.4080000000
    538.00 0.4002000000
    539.00 0.3924000000
    540.00 0.3847000000
    541.00 0.3770000000
    542.00 0.3689000000
    543.00 0.3612000000
    544.00 0.3533000000
    545.00 0.3452000000
    546.00 0.3373000000
    547.00 0.3293000000
    548.00 0.3211000000
    549.00 0.3127000000
    550.00 0.3046000000
    551.00 0.2966000000
    552.00 0.2883000000
    553.00 0.2800000000
    554.00 0.2721000000
    555.00 0.2640000000
    556.00 0.2562000000
    557.00 0.2484000000
    558.00 0.2409000000
    559.00 0.2334000000
    560.00 0.2264000000
    561.00 0.2197000000
    562.00 0.2131000000
    563.00 0.2066000000
    564.00 0.2004000000
    565.00 0.1948000000
    566.00 0.1893000000
    567.00 0.1841000000
    568.00 0.1792000000
    569.00 0.1744000000
    570.00 0.1697000000
    571.00 0.1655000000
    572.00 0.1613000000
    573.00 0.1576000000
    574.00 0.1540000000
    575.00 0.1506000000
    576.00 0.1474000000
    577.00 0.1444000000
    578.00 0.1417000000
    579.00 0.1389000000
    580.00 0.1364000000
    581.00 0.1342000000
    582.00 0.1321000000
    583.00 0.1302000000
    584.00 0.1283000000
    585.00 0.1265000000
    586.00 0.1248000000
    587.00 0.1235000000
    588.00 0.1219000000
    589.00 0.1203000000
    590.00 0.1187000000
    591.00 0.1172000000
    592.00 0.1158000000
    593.00 0.1146000000
    594.00 0.1132000000
    595.00 0.1117000000
    596.00 0.1104000000
    597.00 0.1090000000
    598.00 0.1078000000
    599.00 0.1065000000
    600.00 0.1051000000
    601.00 0.1039000000
    602.00 0.1028000000
    603.00 0.1016000000
    604.00 0.1005000000
    605.00 0.0995000000
    606.00 0.0987000000
    607.00 0.0979000000
    608.00 0.0971000000
    609.00 0.0965000000
    610.00 0.0958000000
    611.00 0.0953000000
    612.00 0.0949000000
    613.00 0.0945000000
    614.00 0.0942000000
    615.00 0.0940000000
    616.00 0.0938000000
    617.00 0.0936000000
    618.00 0.0934000000
    619.00 0.0934000000
    620.00 0.0934000000
    621.00 0.0933000000
    622.00 0.0933000000
    623.00 0.0934000000
    624.00 0.0934000000
    625.00 0.0935000000
    626.00 0.0937000000
    627.00 0.0936000000
    628.00 0.0936000000
    629.00 0.0938000000
    630.00 0.0939000000
    631.00 0.0940000000
    632.00 0.0941000000
    633.00 0.0942000000
    634.00 0.0943000000
    635.00 0.0945000000
    636.00 0.0947000000
    637.00 0.0952000000
    638.00 0.0957000000
    639.00 0.0959000000
    640.00 0.0964000000
    641.00 0.0969000000
    642.00 0.0976000000
    643.00 0.0982000000
    644.00 0.0988000000
    645.00 0.0996000000
    646.00 0.1003000000
    647.00 0.1011000000
    648.00 0.1019000000
    649.00 0.1026000000
    650.00 0.1035000000
    651.00 0.1044000000
    652.00 0.1054000000
    653.00 0.1065000000
    654.00 0.1075000000
    655.00 0.1086000000
    656.00 0.1096000000
    657.00 0.1108000000
    658.00 0.1122000000
    659.00 0.1133000000
    660.00 0.1143000000
    661.00 0.1153000000
    662.00 0.1162000000
    663.00 0.1170000000
    664.00 0.1176000000
    665.00 0.1180000000
    666.00 0.1187000000
    667.00 0.1190000000
    668.00 0.1191000000
    669.00 0.1192000000
    670.00 0.1191000000
    671.00 0.1190000000
    672.00 0.1189000000
    673.00 0.1187000000
    674.00 0.1182000000
    675.00 0.1177000000
    676.00 0.1174000000
    677.00 0.1169000000
    678.00 0.1163000000
    679.00 0.1157000000
    680.00 0.1153000000
    681.00 0.1147000000
    682.00 0.1142000000
    683.00 0.1138000000
    684.00 0.1132000000
    685.00 0.1126000000
    686.00 0.1118000000
    687.00 0.1112000000
    688.00 0.1106000000
    689.00 0.1098000000
    690.00 0.1090000000
    691.00 0.1085000000
    692.00 0.1074000000
    693.00 0.1066000000
    694.00 0.1055000000
    695.00 0.1045000000
    696.00 0.1036000000
    697.00 0.1028000000
    698.00 0.1020000000
    699.00 0.1008000000
    700.00 0.0998000000
    701.00 0.0989000000
    702.00 0.0979000000
    703.00 0.0971000000
    704.00 0.0963000000
    705.00 0.0956000000
    706.00 0.0950000000
    707.00 0.0944000000
    708.00 0.0940000000
    709.00 0.0938000000
    710.00 0.0936000000
    711.00 0.0939000000
    712.00 0.0942000000
    713.00 0.0942000000
    714.00 0.0948000000
    715.00 0.0956000000
    716.00 0.0961000000
    717.00 0.0970000000
    718.00 0.0983000000
    719.00 0.0995000000
    720.00 0.1006000000
    721.00 0.1019000000
    722.00 0.1037000000
    723.00 0.1054000000
    724.00 0.1071000000
    725.00 0.1089000000
    726.00 0.1108000000
    727.00 0.1134000000
    728.00 0.1159000000
    729.00 0.1189000000
    730.00 0.1216000000
    731.00 0.1250000000
    732.00 0.1285000000
    733.00 0.1321000000
    734.00 0.1363000000
    735.00 0.1407000000
    736.00 0.1454000000
    737.00 0.1508000000
    738.00 0.1565000000
    739.00 0.1626000000
    740.00 0.1692000000
    741.00 0.1763000000
    742.00 0.1846000000
    743.00 0.1937000000
    744.00 0.2030000000
    745.00 0.2137000000
    746.00 0.2249000000
    747.00 0.2370000000
    748.00 0.2504000000
    749.00 0.2632000000
    750.00 0.2791000000
    751.00 0.2943000000
    752.00 0.3108000000
    753.00 0.3279000000
    754.00 0.3455000000
    755.00 0.3641000000
    756.00 0.3833000000
    757.00 0.4033000000
    758.00 0.4206000000
    759.00 0.4402000000
    760.00 0.4584000000
    761.00 0.4764000000
    762.00 0.4938000000
    763.00 0.5112000000
    764.00 0.5262000000
    765.00 0.5422000000
    766.00 0.5562000000
    767.00 0.5714000000
    768.00 0.5827000000
    769.00 0.5958000000
    770.00 0.6060000000
    771.00 0.6159000000
    772.00 0.6239000000
    773.00 0.6329000000
    774.00 0.6406000000
    775.00 0.6467000000
    776.00 0.6529000000
    777.00 0.6616000000
    778.00 0.6645000000
    779.00 0.6697000000
    780.00 0.6746000000
    781.00 0.6774000000
    782.00 0.6824000000
    783.00 0.6843000000
    784.00 0.6879000000
    785.00 0.6924000000
    786.00 0.6936000000
    787.00 0.6952000000
    788.00 0.6991000000
    789.00 0.7014000000
    790.00 0.7041000000
    791.00 0.7067000000
    792.00 0.7079000000
    793.00 0.7084000000
    794.00 0.7108000000
    795.00 0.7122000000
    796.00 0.7125000000
    797.00 0.7140000000
    798.00 0.7131000000
    799.00 0.7182000000
    800.00 0.7248000000
