    350.23 0.00536198293305930902
    350.50 0.00554793173899593723
    350.76 0.00587388706978407820
    351.02 0.00626501319062197550
    351.29 0.00676235232319250847
    351.55 0.00746245253447631093
    351.81 0.00829770990147906881
    352.07 0.00933574524395165521
    352.34 0.01040999033573111916
    352.60 0.01158559907011065711
    352.86 0.01282156301892051556
    353.12 0.01389097563832398033
    353.39 0.01476727522700961408
    353.65 0.01557598778945749191
    353.91 0.01614816265682978216
    354.18 0.01665754917682719244
    354.44 0.01675661486053518431
    354.70 0.01661669281946646926
    354.96 0.01645022597384287327
    355.23 0.01614858507574376545
    355.49 0.01571658570078858508
    355.75 0.01523872852853108695
    356.02 0.01483812332726334310
    356.28 0.01460890192777799038
    356.54 0.01457517600168535023
    356.81 0.01476595727999797936
    357.07 0.01515708340083587666
    357.33 0.01561819588734297132
    357.59 0.01624829283620101567
    357.86 0.01680113781406930920
    358.12 0.01747226008785367213
    358.38 0.01795511870005276484
    358.65 0.01825692856571746805
    358.91 0.01838252215722378097
    359.17 0.01837052546006657724
    359.43 0.01816543262894810759
    359.70 0.01787827225122043395
    359.96 0.01737870274678405755
    360.22 0.01707221247955239066
    360.49 0.01669815208283952426
    360.75 0.01651720471684449409
    361.01 0.01642555670926609465
    361.27 0.01654150225277696562
    361.54 0.01678537314019935139
    361.80 0.01707511872168061481
    362.06 0.01744209937739507610
    362.33 0.01794665342501648719
    362.59 0.01849708216669677593
    362.85 0.01909338560243594232
    363.11 0.01975002735584887106
    363.38 0.02055630678535218941
    363.64 0.02177054150522660450
    363.90 0.02351099191463163970
    364.17 0.02613488924074694811
    364.43 0.02937673474775406857
    364.69 0.03317134074884667966
    364.95 0.03740284618429670638
    365.22 0.04168020941704905780
    365.48 0.04584172848682989410
    365.74 0.04924287661467940252
    366.01 0.05156504855891280714
    366.27 0.05288306315757530102
    366.53 0.05309555676806680669
    366.80 0.05214459041214501017
    367.06 0.05035120246443925557
    367.32 0.04779262799918274074
    367.58 0.04464506639377728570
    367.85 0.04110648004807329614
    368.11 0.03741099042095835658
    368.37 0.03389896577656580784
    368.63 0.03057037232138252666
    368.90 0.02766419778018523040
    369.16 0.02513458435567159088
    369.42 0.02324223210479720025
    369.69 0.02160573054174583923
    369.95 0.02036991866374501456
    370.21 0.01933205228883802182
    370.48 0.01875764704959988899
    370.74 0.01828460545296183015
    371.00 0.01796121842917072428
    371.26 0.01764508011394361545
    371.53 0.01771756719958361009
    371.79 0.01775867700829272464
    372.05 0.01800496413190311173
    372.32 0.01808709926553854833
    372.58 0.01831165716021349379
    372.84 0.01854827933907187559
    373.11 0.01870285086807763064
    373.37 0.01875842430040162295
    373.63 0.01886712113534849689
    373.89 0.01896856926173136684
    374.16 0.01907484986049023945
    374.42 0.01914975318231823195
    374.68 0.01921499155939422956
    374.95 0.01933575267852453983
    375.21 0.01954099758045204846
    375.47 0.01969555221270124015
    375.74 0.01997804908561849960
    376.00 0.02053329340291823110
    376.26 0.02128406698712379322
    376.52 0.02217724643561230780
    376.79 0.02322491292932377452
    377.05 0.02425326643028780441
    377.31 0.02530818163256326817
    377.58 0.02615067081137346233
    377.84 0.02677350215491095323
    378.10 0.02726115944597292534
    378.37 0.02771020764829658020
    378.63 0.02813027791312079987
    378.89 0.02855276441413301391
    379.15 0.02895835415858579245
    379.42 0.02945084392202376722
    379.68 0.02998435901038806056
    379.94 0.03040201303902427543
    380.20 0.03077140993092673804
    380.47 0.03101284768540456260
    380.73 0.03118913154658919246
    380.99 0.03127849849203206273
    381.26 0.03109753422928046920
    381.52 0.03095036347964775364
    381.78 0.03068973100971840798
    382.05 0.03034461475699186048
    382.31 0.02988123810510580347
    382.57 0.02946128611757749954
    382.83 0.02894961853544456357
    383.10 0.02863831269259345738
    383.36 0.02821596136563371549
    383.62 0.02795049642332836717
    383.89 0.02758848341404238069
    384.15 0.02730855484812215461
    384.41 0.02691758079809328935
    384.68 0.02667142884853537788
    384.94 0.02642287755954603190
    385.20 0.02620087107511155644
    385.46 0.02604161914453884466
    385.73 0.02594028929545188697
    385.99 0.02599104715215644346
    386.25 0.02617456282514851046
    386.52 0.02638222396326401695
    386.78 0.02662124548155384365
    387.04 0.02686028389660023372
    387.31 0.02716930867731581420
    387.57 0.02760627569869946937
    387.83 0.02799978426221224823
    388.09 0.02834503568899126788
    388.36 0.02886646959641556501
    388.62 0.02938792040059641508
    388.88 0.03011938099205454036
    389.15 0.03100289549579105311
    389.41 0.03228953281752267035
    389.67 0.03413132997277121272
    389.94 0.03647521424918349214
    390.20 0.03957462009839454731
    390.46 0.04392198659357265250
    390.72 0.04919865780276335560
    390.99 0.05546740517658495934
    391.25 0.06270653327961515922
    391.51 0.07044771471029598331
    391.77 0.07849729574169969637
    392.04 0.08648168908629708107
    392.30 0.09372340239308088461
    392.56 0.10014180433974943785
    392.83 0.10545951777062301247
    393.09 0.10927026017422988846
    393.35 0.11167879144123858681
    393.62 0.11272826588790191282
    393.88 0.11231439673273500846
    394.14 0.11074533012511236785
    394.40 0.10841893399173910262
    394.67 0.10495131402358476302
    394.93 0.10092459727763512800
    395.19 0.09656508201449079398
    395.46 0.09201542754978307703
    395.72 0.08748853301616094091
    395.98 0.08312856154058949343
    396.25 0.07872521609092995865
    396.51 0.07494831789071164374
    396.77 0.07146859984486074457
    397.03 0.06829501723435375815
    397.30 0.06568440075889415974
    397.56 0.06343802766458640774
    397.82 0.06153999810350804789
    398.09 0.06023558539387590532
    398.35 0.05949200982796466058
    398.61 0.05926969920191211411
    398.88 0.06008410597132052972
    399.14 0.06118432137793185233
    399.40 0.06286588659072724072
    399.66 0.06470908617677022245
    399.93 0.06655208300173448555
    400.19 0.06835342932177973507
    400.45 0.07035094698548008396
    400.72 0.07209361086999439838
    400.98 0.07437207090500853879
    401.24 0.07722561204952317626
    401.50 0.08146884383402545893
    401.77 0.08709080026350830839
    402.03 0.09429422551992840129
    402.29 0.10267128259021060521
    402.56 0.11195686136393728782
    402.82 0.12176005537810581647
    403.08 0.13250713600719773999
    403.35 0.14366644680607032480
    403.61 0.15550221925380003363
    403.87 0.16727347988498580955
    404.13 0.17916599164124213939
    404.40 0.19085935822468885759
    404.66 0.20162619116219882009
    404.93 0.21028907376644045968
    405.20 0.21636795228680366643
    405.47 0.21942195655113949648
    405.75 0.21942905318889444066
    406.02 0.21630387978593026976
    406.29 0.21127513468573622113
    406.56 0.20483850113874002563
    406.83 0.19758947153636599592
    407.10 0.19068055674677691913
    407.37 0.18455228900699047201
    407.64 0.17954833144866910732
    407.91 0.17546205363584743697
    408.19 0.17177707379131249010
    408.46 0.16852380607687117431
    408.73 0.16581150492043689182
    409.00 0.16254125596565335843
    409.27 0.15866051029962072172
    409.54 0.15415444946683637406
    409.81 0.14996457763954879061
    410.08 0.14621490011414772781
    410.35 0.14355780066139312012
    410.62 0.14227934136983627633
    410.90 0.14289401157995554326
    411.17 0.14522562881110567812
    411.44 0.14978462718219076599
    411.71 0.15583604847314486141
    411.98 0.16325078456709735120
    412.25 0.17135029551413416549
    412.52 0.17999342580995786323
    412.79 0.18886829512199423964
    413.06 0.19754336028771529721
    413.34 0.20510575713724066294
    413.61 0.21195744261236293404
    413.88 0.21760744765773443188
    414.15 0.22240942138814426277
    414.42 0.22573463549201563949
    414.69 0.22773629286107305303
    414.96 0.22900432685383273479
    415.23 0.23030378881379293121
    415.50 0.23085737724894986322
    415.78 0.23068714242661350622
    416.05 0.23010014910373857711
    416.32 0.22897463925255778783
    416.59 0.22649853785606788303
    416.86 0.22227488941241799192
    417.13 0.21629781385032542662
    417.40 0.20927462629612486600
    417.67 0.20125858532649162913
    417.94 0.19228490378209564526
    418.22 0.18263770062448386744
    418.49 0.17353060229029451667
    418.76 0.16520039992595167422
    419.03 0.15744053068251609440
    419.30 0.15029898134861666148
    419.57 0.14391207495617489021
    419.84 0.13841339726254972553
    420.11 0.13386215450272542782
    420.39 0.13007557446099854426
    420.66 0.12737146823149558816
    420.93 0.12566207406064677787
    421.20 0.12483120985034948380
    421.47 0.12492583168708233654
    421.74 0.12553321939512449013
    422.01 0.12695521663365377796
    422.28 0.12928311657836083493
    422.56 0.13265785507570795887
    422.83 0.13707549518141676215
    423.10 0.14253454998091005801
    423.37 0.14960477810537209375
    423.64 0.15771936095925997989
    423.91 0.16627897058741034075
    424.18 0.17491855256435653865
    424.45 0.18243228675499073566
    424.72 0.18814393116829111752
    425.00 0.19168302441669188285
    425.27 0.19244783920559832557
    425.54 0.19089431761401037813
    425.81 0.18752488469822292672
    426.08 0.18228820811180840300
    426.35 0.17593163139739084744
    426.62 0.16950038791573709962
    426.89 0.16327616349544959995
    427.16 0.15723839478379553203
    427.44 0.15199975817362013086
    427.71 0.14731398343806959006
    427.98 0.14331737671230887488
    428.25 0.14004758396995242720
    428.52 0.13718240096016831586
    428.79 0.13487543609683844137
    429.06 0.13310746087099806223
    429.33 0.13150885873290951711
    429.60 0.13017604257550097202
    429.88 0.12950868827842937359
    430.15 0.12971555526898656541
    430.42 0.13066067534713879383
    430.69 0.13282340949647733486
    430.96 0.13605359624145843545
    431.23 0.14012826598252375865
    431.50 0.14483996034263649233
    431.77 0.14963436432610768834
    432.04 0.15394863007518583276
    432.31 0.15753993430135529441
    432.59 0.15964792295944121858
    432.86 0.16005489823793189741
    433.13 0.15947285566472890750
    433.40 0.15798050033188609786
    433.67 0.15585767632154096107
    433.94 0.15352600840012115002
    434.21 0.15245372333210258087
    434.48 0.15596853594132745191
    434.75 0.16648387755420665512
    435.03 0.18357817409458224156
    435.30 0.20723074393242540969
    435.57 0.23652824978867229011
    435.84 0.26814900898157234543
    436.11 0.29888826438476645553
    436.39 0.32513267840153164956
    436.66 0.34459091566835559073
    436.94 0.35656400805664384412
    437.21 0.36044463544538057898
    437.49 0.35651245605238102154
    437.76 0.34761269781793258105
    438.03 0.33621203374836500233
    438.31 0.32294174356549548710
    438.58 0.30863218457692448426
    438.86 0.29368328611365740466
    439.13 0.27877683230286776084
    439.40 0.26472346193725099228
    439.68 0.25128347762825503642
    439.95 0.23853311754147596413
    440.23 0.22673169619983160605
    440.50 0.21536573806823708366
    440.78 0.20504100876610489856
    441.05 0.19608750194904087105
    441.32 0.18826394883013278236
    441.60 0.18235275372186546261
    441.87 0.17781029727545208385
    442.15 0.17437459528043852686
    442.42 0.17185167297152242893
    442.69 0.16996930670377466410
    442.97 0.16859504280252576858
    443.24 0.16741198259850353924
    443.52 0.16644793815300470974
    443.79 0.16586109690093883695
    444.07 0.16554166371818265779
    444.34 0.16537159786341190659
    444.62 0.16562384954208778098
    444.89 0.16588485374066141986
    445.16 0.16631609276157141575
    445.44 0.16713886342547676356
    445.71 0.16806436636926347372
    445.99 0.16879119724942431846
    446.26 0.16989107472090445028
    446.53 0.17083212268072586748
    446.81 0.17222588543904429614
    447.08 0.17384623370282487054
    447.36 0.17549113295388626965
    447.63 0.17718973009729355184
    447.90 0.17915712084404841753
    448.18 0.18141312508959506200
    448.45 0.18419144187390709688
    448.73 0.18727254853576427718
    449.00 0.19100431549921231822
    449.28 0.19591089704948161376
    449.55 0.20389829801674658194
    449.82 0.21588930096698788486
    450.10 0.23041309393197595412
    450.37 0.24680239020166550024
    450.65 0.26487710414464593622
    450.92 0.28407818967339176774
    451.19 0.30371668153919179067
    451.47 0.32338528342518074732
    451.74 0.34378712006206652019
    452.02 0.36677671186278698601
    452.29 0.39235066257927370126
    452.57 0.42108138363349073563
    452.84 0.45351538371959659868
    453.12 0.48887046128618516505
    453.39 0.52617606663648230914
    453.66 0.56265489679156954761
    453.94 0.59629211491227307462
    454.21 0.62616819950662827576
    454.49 0.65023987649417180901
    454.76 0.66732121322226622961
    455.03 0.67720421061766500337
    455.31 0.67800313995806504863
    455.58 0.67049155165551377333
    455.86 0.65591794705218853245
    456.13 0.63556778069686148402
    456.40 0.61079515866020617221
    456.68 0.58313080880921186466
    456.95 0.55347882589710450940
    457.23 0.52359954781575968052
    457.50 0.49416700308108973960
    457.78 0.46486466475246690511
    458.05 0.43612343391566993356
    458.32 0.40838872597036213197
    458.60 0.38188389914150283611
    458.87 0.35699293222190525698
    459.15 0.33366058971437656533
    459.42 0.31215100171745391311
    459.70 0.29302150774625046470
    459.97 0.27659715070670010117
    460.24 0.26224945573857449954
    460.52 0.24987146637285234663
    460.79 0.23916921283891262595
    461.07 0.22990610675140998875
    461.34 0.22121262412103917527
    461.62 0.21315486505946071305
    461.89 0.20474903281275780298
    462.16 0.19683871484891696246
    462.44 0.18891406843551378225
    462.71 0.18128371283110633616
    462.99 0.17414773942687147845
    463.26 0.16757899014033703078
    463.54 0.16161267781217283912
    463.81 0.15667684797629913285
    464.08 0.15211112469610338360
    464.36 0.14841110673823051935
    464.63 0.14481115137270264559
    464.91 0.14156683893923782680
    465.18 0.13891741061396123413
    465.45 0.13674240941936052773
    465.73 0.13473610544224928764
    466.00 0.13349784353454732799
    466.28 0.13264692287421397943
    466.55 0.13234977651335969040
    466.82 0.13258484419061461468
    467.10 0.13317863000962643083
    467.37 0.13419378714371751893
    467.65 0.13554861977492302372
    467.92 0.13676015101374794369
    468.20 0.13802396081736775790
    468.47 0.13914129263837379802
    468.74 0.13989181277123094449
    469.02 0.14049330351123387461
    469.29 0.14081838021068093791
    469.57 0.14129353390188892359
    469.84 0.14271823462146771000
    470.12 0.14533631946332659091
    470.39 0.14987335205088439527
    470.66 0.15609837061873016451
    470.94 0.16408617710815254220
    471.21 0.17314297379806442567
    471.49 0.18276865048781951173
    471.76 0.19329926676862846380
    472.04 0.20602414654651587944
    472.31 0.22198004101045579195
    472.58 0.24367245191335154542
    472.86 0.27365333019188836650
    473.13 0.31425976762634161288
    473.41 0.36587126536903635809
    473.68 0.42616583734006124873
    473.95 0.49036261385794926992
    474.23 0.55475627138326788490
    474.50 0.61312603243406760267
    474.78 0.65851649924346467024
    475.05 0.68859367213763367221
    475.32 0.70251202052158390199
    475.60 0.69991505662542441435
    475.87 0.68351952545256444704
    476.15 0.65544598684797028554
    476.42 0.61952265446153109707
    476.70 0.58093669738294251292
    476.97 0.54200168710734897282
    477.25 0.50464927774138212957
    477.52 0.47066119847072185323
    477.79 0.44048538231175882185
    478.07 0.41403212438391895356
    478.34 0.39099961482153744452
    478.62 0.36985592608790951452
    478.89 0.34926150021975926885
    479.16 0.32813540100970967073
    479.44 0.30671087128530721833
    479.71 0.28501459102515935840
    479.99 0.26382156376237780870
    480.26 0.24406623082496928245
    480.54 0.22650828728460270511
    480.81 0.21087147117153121068
    481.08 0.19762378884893819220
    481.36 0.18670138747378553501
    481.63 0.17779911162260972346
    481.91 0.17114236402791371816
    482.18 0.16625198646718492013
    482.45 0.16336400973280212900
    482.73 0.16273506176339011531
    483.00 0.16416711257207228236
    483.28 0.16766891467874636690
    483.55 0.17275270941181106177
    483.83 0.17904492638049374076
    484.10 0.18651636798945966933
    484.37 0.19340436459442816863
    484.65 0.19941383123884517947
    484.92 0.20419186226521027216
    485.20 0.20673377652849919683
    485.47 0.20767781521423159252
    485.75 0.20616204097679746710
    486.02 0.20225020527869544407
    486.29 0.19718592629945691508
    486.57 0.19124467186127031004
    486.84 0.18440527032816678155
    487.12 0.17765861509181798961
    487.39 0.17158987462539046498
    487.67 0.16649994636969470130
    487.94 0.16218745478005527905
    488.21 0.15852819179900373703
    488.49 0.15526412705712097639
    488.76 0.15257012508804054796
    489.04 0.15013270036731521384
    489.31 0.14704088116179936385
    489.58 0.14404604933893466745
    489.86 0.14127790440207144140
    490.13 0.13927501356978519431
    490.41 0.13816550494706617003
    490.68 0.13784760936915690932
    490.95 0.13817947856474083190
    491.23 0.13942245466752287153
    491.50 0.14089830186920707100
    491.78 0.14259424622183453080
    492.05 0.14399377077413980097
    492.33 0.14529061373683327396
    492.60 0.14650271946538120926
    492.87 0.14749705979539110001
    493.15 0.14858379159026799399
    493.42 0.15002608183342514003
    493.70 0.15156473427924083142
    493.97 0.15294029923074475841
    494.25 0.15468120585257688626
    494.52 0.15720553059228742354
    494.79 0.16030596714364858668
    495.07 0.16360122329814011377
    495.34 0.16697121380689400327
    495.62 0.17003464646139002103
    495.89 0.17263483763805242965
    496.17 0.17411102277486784073
    496.44 0.17462862111855312341
    496.71 0.17482605971895018304
    496.99 0.17565815739247631067
    497.26 0.17759417086230031013
    497.54 0.18162693664709819719
    497.81 0.18784937001119039746
    498.08 0.19604504039980699681
    498.36 0.20536699789040616104
    498.63 0.21483884650844409236
    498.91 0.22377425689923294283
    499.18 0.23116060644216554487
    499.45 0.23638589461465900343
    499.73 0.23848927045820422777
    500.00 0.23764980579881814227
    500.28 0.23432173614308821064
    500.55 0.22910954295692834148
    500.83 0.22249081306449108864
    501.10 0.21612212137562036851
    501.38 0.21001987464093546665
    501.65 0.20584563231346539314
    501.92 0.20345837406296501948
    502.20 0.20255071409410504990
    502.47 0.20269090648327872661
    502.75 0.20298218966960690501
    503.02 0.20233038038856998586
    503.29 0.20088227766115637762
    503.57 0.19801254942385779212
    503.84 0.19379130031963931469
    504.12 0.18809518402561711814
    504.39 0.18185673253630657564
    504.67 0.17561033957141308770
    504.94 0.16905492182580403315
    505.21 0.16343240780335474560
    505.49 0.16043755908373349972
    505.76 0.16102336963364927147
    506.04 0.16794605527983427762
    506.31 0.18130530688598925360
    506.58 0.20161084890724281782
    506.86 0.22902384260765890067
    507.13 0.26657037880973705191
    507.41 0.31707927870314550622
    507.68 0.38263844070242114537
    507.96 0.46044530117758902810
    508.23 0.54664302337314818470
    508.50 0.63554301005174529404
    508.78 0.72209647655990683024
    509.05 0.79894273952791405868
    509.33 0.85952825675013599938
    509.60 0.89962110037220843761
    509.88 0.91944628450123377927
    510.15 0.92105269294085279075
    510.42 0.90762233978309569959
    510.70 0.88442397165832675743
    510.97 0.85331384934540954745
    511.25 0.81706131745092291929
    511.52 0.77691489421380044433
    511.80 0.73267639757635627529
    512.07 0.68682334826263158334
    512.34 0.64127613024263263597
    512.62 0.59572059901840657137
    512.89 0.55198072566703160202
    513.17 0.50933414005207855446
    513.44 0.46843868359667606427
    513.71 0.42929531941594806232
    513.99 0.39122963036858110497
    514.26 0.35459403210613543722
    514.54 0.32029753633799568080
    514.81 0.28854570900446407933
    515.09 0.26038604763168637923
    515.36 0.23531099054937371085
    515.63 0.21384190407792405542
    515.91 0.19570546628323196026
    516.18 0.18079630899139273459
    516.46 0.16880175772227395958
    516.73 0.15861113797695403083
    517.00 0.15006254503408042456
    517.28 0.14316687730163396575
    517.55 0.13739256281825462658
    517.83 0.13306773659632681328
    518.10 0.12958332125215238362
    518.38 0.12673844814375273549
    518.65 0.12493108657837233288
    518.92 0.12378305335069779425
    519.20 0.12294977290421249538
    519.47 0.12296726104725150264
    519.75 0.12379151862573407883
    520.02 0.12664036247192519968
    520.29 0.13127882628910933493
    520.57 0.13774333948442860076
    520.84 0.14662738373527678393
    521.12 0.15758820833484560309
    521.39 0.16898915964927471722
    521.67 0.18002497205445433526
    521.94 0.18943896617803276938
    522.21 0.19628304811270327890
    522.49 0.20024428992698509178
    522.76 0.20073840177905274973
    523.04 0.19812570700253637201
    523.31 0.19379440932284625054
    523.59 0.18805498664176220625
    523.86 0.18118441059280648853
    524.13 0.17407185609316302988
    524.41 0.16747076641457384061
    524.68 0.16218280817200142474
    524.96 0.15850962226354492479
    525.23 0.15621757723625701031
    525.50 0.15566900713779824317
    525.78 0.15618712928093689274
    526.05 0.15673938287232561106
    526.33 0.15664043546591352452
    526.60 0.15489792365220822479
    526.88 0.15154293746327912595
    527.15 0.14722187921806406674
    527.42 0.14260178217526003897
    527.70 0.13821291724597198347
    527.97 0.13537672907044387416
    528.25 0.13410269672910560268
    528.52 0.13411920486026415733
    528.79 0.13430496780187864414
    529.07 0.13475974400467594094
    529.34 0.13459630167847649873
    529.62 0.13391455134481622391
    529.89 0.13281406559009995005
    530.17 0.13145119010277214744
    530.44 0.12962493796355831210
    530.72 0.12817908250476708898
    530.99 0.12663118753311342068
    531.26 0.12476973944998624722
    531.54 0.12296519964295127281
    531.81 0.12121359737421701086
    532.09 0.11980651997172969692
    532.36 0.11958039067869473404
    532.63 0.12114491205880287272
    532.91 0.12583845930237078092
    533.18 0.13532064873542309913
    533.46 0.15190998570601982331
    533.73 0.17768850545417164133
    534.00 0.21420036876833256634
    534.28 0.26502875253476693151
    534.55 0.33140578513854562770
    534.83 0.41125453416013890706
    535.10 0.50126034596852508951
    535.38 0.59587924266574310295
    535.65 0.68801171404821359623
    535.92 0.77255791346413993370
    536.20 0.84413277701100297712
    536.47 0.90013702593699440602
    536.75 0.94095600767220888283
    537.02 0.96859715827644699004
    537.29 0.98505289259292827531
    537.57 0.99397931390922755757
    537.84 0.99848789235873924852
    538.12 1.00000000000000000000
    538.39 0.99762585363258982074
    538.67 0.99122230393493693246
    538.94 0.98011288925818451645
    539.22 0.96365458663470615619
    539.49 0.94157140444286024916
    539.76 0.91416930915042504679
    540.04 0.88071472807137241023
    540.31 0.84209931994610076611
    540.59 0.79920431821621074064
    540.86 0.75182425832193988668
    541.13 0.70222521497574408311
    541.41 0.65231848169260087111
    541.68 0.60229788116700355705
    541.96 0.55420018222814015907
    542.23 0.50955433858356113941
    542.50 0.46856564582546367248
    542.78 0.43244134341650658504
    543.05 0.40175992561101547818
    543.33 0.37685388678456688272
    543.60 0.35803463416055120172
    543.88 0.34420354062747393620
    544.15 0.33506197290990330506
    544.42 0.33178883460974811781
    544.70 0.34004477572901226079
    544.97 0.35971101206908284720
    545.25 0.38958542388453865080
    545.52 0.42809984009585461129
    545.80 0.47185388982598297503
    546.07 0.51390542236518232944
    546.35 0.55041441323072815006
    546.63 0.57611426168033919026
    546.91 0.59375753384133100887
    547.19 0.60514944539100079535
    547.47 0.61110364274471185020
    547.75 0.61436770748659463859
    548.04 0.61829883928068751775
    548.32 0.62046909248669501746
    548.60 0.61770669244706200018
    548.88 0.60615260582793462074
    549.16 0.58468069759813956487
    549.44 0.55498332999791355480
    549.72 0.51960025450570601624
    550.00 0.48459791362905230150
    550.28 0.45575518397560271788
    550.56 0.43702572071594392167
    550.84 0.42926515870548948017
    551.12 0.43090813172630310079
    551.41 0.43746515466378532722
    551.69 0.44574466675844987007
    551.97 0.45016789969057985354
    552.25 0.44856206574068385740
    552.53 0.44039535639281013335
    552.81 0.42461539095816708267
    553.09 0.40306459177199599475
    553.37 0.37939994075321276101
    553.65 0.35471462425770017290
    553.93 0.33135350657375073347
    554.21 0.31009880614952722855
    554.50 0.28953225992970005320
    554.77 0.26995991886583020625
    555.06 0.25207306306227761361
    555.34 0.23533293943614444488
    555.62 0.22041700654492488165
    555.90 0.20775417165712370404
    556.18 0.19714493476804370586
    556.46 0.18865154352884977440
    556.74 0.18147674137804134520
    557.02 0.17462809731909978428
    557.30 0.16758399158027861842
    557.58 0.16013257262783564538
    557.86 0.15261537460210672368
    558.14 0.14546704966882695320
    558.43 0.13920125922740325675
    558.71 0.13435499909805112551
    558.99 0.13042582732771915155
    559.27 0.12698696563922898251
    559.55 0.12401759722849936551
    559.83 0.12118713705344491549
    560.11 0.11825063283422342086
    560.39 0.11498599360261763103
    560.67 0.11143160878953055348
    560.95 0.10783743211474601520
    561.23 0.10486897612887062514
    561.51 0.10227912576722257565
    561.80 0.10003432407127485493
    562.08 0.09795448540961691763
    562.36 0.09593098053432816408
    562.64 0.09428224571952777133
    562.92 0.09263599472794160905
    563.20 0.09160069666003164968
    563.48 0.09118231607086338397
    563.76 0.09148270660897708795
    564.04 0.09246748337477431190
    564.32 0.09437847274813376819
    564.60 0.09647708370632923636
    564.88 0.09884749589053984375
    565.17 0.10096440603608917985
    565.45 0.10374248626580936938
    565.73 0.11064523373925425065
    566.01 0.12497461262326944875
    566.29 0.14617194855897364114
    566.57 0.17428930045332646781
    566.85 0.20829199541841064702
    567.13 0.24621867484956311278
    567.41 0.28769715389004901773
    567.69 0.33009047402093266710
    567.97 0.36956950916747044467
    568.25 0.40621446823305012996
    568.53 0.44120346067202181883
    568.82 0.47409813392896427153
    569.10 0.50584088770422352965
    569.38 0.53507857904224997991
    569.66 0.56218837734296345232
    569.94 0.58812685868546354939
    570.22 0.61124209476795987594
    570.50 0.63108040767683182271
    570.78 0.64841568575925812024
    571.06 0.66187454374533105650
    571.34 0.66988563396529232641
    571.62 0.67017972201320930026
    571.90 0.66180895053636723535
    572.19 0.64593333256284124477
    572.47 0.62211233585561354076
    572.75 0.59179124138375249764
    573.03 0.55746664630945430563
    573.31 0.52162786529283866610
    573.59 0.48534525717167625869
    573.87 0.44965952697597599830
    574.15 0.41593882198111231663
    574.43 0.38434629726842300945
    574.71 0.35484456031564221012
    574.99 0.32763326319827623667
    575.27 0.30367879901098554507
    575.56 0.28331599388175204846
    575.84 0.26670217351090069746
    576.12 0.25318182822770801677
    576.40 0.24258575391198775040
    576.68 0.23384964076481751238
    576.96 0.22666946544542315722
    577.25 0.21974329906738693241
    577.53 0.21282012341526165833
    577.82 0.20593883482264724316
    578.10 0.19950863893990020137
    578.39 0.19341610784023696712
    578.67 0.18837624467422683927
    578.96 0.18393403668448057853
    579.24 0.17993710892034522897
    579.53 0.17617291708105961567
    579.81 0.17183097444473710569
    580.10 0.16676862169574632744
    580.38 0.16133768309916796113
    580.67 0.15520946604965119020
    580.96 0.14920679190137106640
    581.24 0.14333057307918178891
    581.53 0.13774178498282513283
    581.81 0.13256583533948523845
    582.10 0.12766616456264875956
    582.38 0.12308307141670990492
    582.67 0.11888008770633221034
    582.95 0.11472581734511537455
    583.24 0.11083248359544596584
    583.52 0.10705735955466637310
    583.81 0.10383972709980894555
    584.10 0.10115991840623844711
    584.38 0.09874636880253159776
    584.67 0.09687027123146739471
    584.95 0.09562024918120007322
    585.24 0.09517780761069116746
    585.52 0.09559662751552998328
    585.81 0.09706825052807434295
    586.09 0.09987549455961611256
    586.38 0.10499832080033312531
    586.66 0.11365931096784014087
    586.95 0.12735964050190395902
    587.23 0.14774319484819245507
    587.52 0.17373430958737512420
    587.80 0.20268254258878182217
    588.09 0.23191824010953424051
    588.38 0.25794951843905872257
    588.66 0.27707054713522588640
    588.95 0.28820351589062231934
    589.23 0.29117046806516394541
    589.52 0.28881083601163820562
    589.80 0.28551422811662197088
    590.09 0.28540750820219251693
    590.37 0.29200322471219586351
    590.66 0.30805889452361928660
    590.94 0.33267214635240593967
    591.23 0.36375038448569552152
    591.51 0.39853370960382578092
    591.80 0.43449627625899595040
    592.09 0.46983879953546087149
    592.37 0.50366382510532259342
    592.66 0.53490224449079570856
    592.94 0.56357254274355617074
    593.23 0.58990607025441588185
    593.51 0.61380651551098597274
    593.80 0.63501292500496264726
    594.08 0.65308767274145618220
    594.37 0.66665820139163045610
    594.65 0.67634577090066272387
    594.94 0.68251460775294836569
    595.23 0.68488817963063564065
    595.51 0.68481346217312977220
    595.80 0.68334935821725439897
    596.08 0.68017927323535509743
    596.37 0.67672361617084486607
    596.65 0.67269820047515027639
    596.94 0.66777408009157224189
    597.22 0.66274835951080235397
    597.51 0.65663325434437580519
    597.79 0.64871641423250303582
    598.08 0.64029850080486017116
    598.37 0.63072065883292482980
    598.65 0.62078382837112766612
    598.93 0.61023089147490361395
    599.22 0.59871458600344329426
    599.51 0.58621887693477148229
    599.79 0.57347079791012811611
    600.08 0.55986892577653601943
    600.36 0.54611031932909870346
    600.65 0.53215180735480671625
    600.93 0.51768997479612199886
    601.22 0.50392542069037582486
    601.50 0.49109922796015803570
    601.79 0.47906993695955307766
    602.08 0.46763297865689573696
    602.36 0.45697854294401923925
    602.64 0.44651546299917832528
    602.93 0.43703792017417986138
    603.22 0.42698913180341990792
    603.50 0.41702193787008545733
    603.79 0.40673561489561282922
    604.07 0.39682767788753237070
    604.36 0.38686497849144269034
    604.64 0.37704454978558354927
    604.93 0.36741809584502671537
    605.21 0.35815776082559985793
    605.50 0.34948920091115420750
    605.78 0.34114262558970526173
    606.07 0.33281375806913054971
    606.36 0.32453652703660151868
    606.64 0.31643282569393799131
    606.93 0.30858612401854346174
    607.21 0.30116819443760128872
    607.50 0.29378586632272984946
    607.78 0.28677234371328125251
    608.07 0.28001872701322993997
    608.35 0.27361418040694013287
    608.64 0.26758004449794636770
    608.92 0.26191616721543953261
    609.21 0.25612988982841611296
    609.50 0.25082804245195189363
    609.78 0.24594830984785553962
    610.07 0.24108772126894101318
    610.35 0.23641291252839755077
    610.64 0.23184960548438979244
    610.92 0.22726146020823967397
    611.21 0.22338919671399989908
    611.49 0.21901368022239375843
    611.78 0.21465659809219397869
    612.06 0.21062036847230139469
    612.35 0.20681608062970019413
    612.63 0.20289995315543210563
    612.92 0.19929577360076439208
    613.21 0.19560133157255613079
    613.49 0.19235859053745135716
    613.78 0.18946812997985432170
    614.06 0.18701073329287573599
    614.35 0.18489809802673595751
    614.63 0.18328636710880072402
    614.92 0.18188113145277842730
    615.20 0.18070951035294691156
    615.49 0.17997874252850773469
    615.77 0.17917362897520697218
    616.06 0.17844522669668611004
    616.34 0.17741389936656765114
    616.63 0.17587964007745743311
    616.91 0.17425440865103122845
    617.20 0.17250924404654610633
    617.49 0.17019873086433870424
    617.77 0.16743224180961829850
    618.06 0.16446626964695715278
    618.34 0.16166833572827962739
    618.63 0.15978438116541526792
    618.91 0.15830196112542943565
    619.20 0.15751149706006573048
    619.48 0.15742601636863154391
    619.77 0.15796983847849707661
    620.05 0.15996962030757638784
    620.34 0.16473737810595334707
    620.62 0.17161067453271514061
    620.91 0.18004806992067107219
    621.20 0.18953390905314024262
    621.48 0.19850287640245611875
    621.77 0.20600802704075815708
    622.05 0.21114367791970378718
    622.34 0.21216581341425394536
    622.62 0.20987686049341638950
    622.91 0.20595760711918478791
    623.19 0.20285629193648252455
    623.48 0.20249022370562227979
    623.76 0.20531566554397859270
    624.05 0.21094605345498457227
    624.34 0.21853166644802266005
    624.62 0.22578314608009777964
    624.91 0.23264331372701291256
    625.19 0.23800490803467136414
    625.48 0.24176061770216411562
    625.76 0.24509154290975260215
    626.05 0.24681492759503259604
    626.33 0.24783931035820513933
    626.62 0.24915195178828178357
    626.90 0.24980707283360431559
    627.19 0.24916937234429453740
    627.48 0.24703625820920468992
    627.76 0.24292693322043595883
    628.04 0.23757297624674239556
    628.33 0.23151077482510337702
    628.62 0.22510546786476834380
    628.90 0.21851769283034797042
    629.19 0.21178443672195085279
    629.47 0.20578640918172455554
    629.76 0.20286916726498083197
    630.04 0.20402929857035193018
    630.33 0.20862570636045957295
    630.61 0.21639983646643132231
    630.90 0.22546802157026424318
    631.18 0.23359409421861254685
    631.47 0.23950995283169024264
    631.76 0.24099173079492683391
    632.04 0.23797023589021135126
    632.33 0.23111711419078154184
    632.61 0.22119863360660796392
    632.90 0.21001142626265575930
    633.18 0.19945083513571035261
    633.47 0.19030457011981627424
    633.75 0.18236329729795858201
    634.04 0.17525346317612117142
    634.32 0.16861677203146122062
    634.61 0.16207541238730963085
    634.89 0.15579169448717633539
    635.18 0.14967863382829341146
    635.47 0.14347019097863242254
    635.75 0.13757173602481093111
    636.04 0.13186042954664178861
    636.32 0.12688864341280961523
    636.61 0.12298662473026863995
    636.89 0.11988047707519036700
    637.18 0.11847147344245530232
    637.46 0.11825394459850907536
    637.75 0.11906194749718146397
    638.03 0.12027009938469446215
    638.32 0.12091121301882927497
    638.61 0.12055780045863204175
    638.89 0.11951331055515375390
    639.18 0.11700821432440786096
    639.46 0.11350519565126149235
    639.75 0.10934394692958560036
    640.03 0.10512437060426653435
    640.32 0.10196920545840934547
    640.60 0.10073384979283563079
    640.89 0.10106445173167760698
    641.17 0.10252003972224707495
    641.46 0.10512543509992978985
    641.74 0.10761104937036264362
    642.03 0.10946774946489662428
    642.32 0.11053026820762383575
    642.60 0.11003733912851532128
    642.89 0.10830136635959854152
    643.17 0.10584625073475545376
    643.46 0.10277212243335734354
    643.74 0.09999444772579456353
    644.03 0.09805687975436712389
    644.31 0.09674489729779635339
    644.60 0.09589864014227339473
    644.88 0.09515002934290744951
    645.17 0.09434947791387778004
    645.46 0.09343458613321037332
    645.74 0.09203360845984104310
    646.02 0.09038776299041230422
    646.31 0.08849306209037616222
    646.60 0.08643115088742779617
    646.88 0.08462938214846855989
    647.17 0.08313569197185757820
    647.45 0.08168437886069766785
    647.74 0.08065376119435467561
    648.02 0.07968224838245660524
    648.31 0.07865323590798674325
    648.59 0.07789659914925506357
    648.88 0.07675774086039230393
    649.16 0.07547350287809213853
    649.45 0.07420060261944334823
    649.74 0.07283235396352964741
    650.02 0.07152927609766569772
    650.31 0.07020164724452086780
    650.59 0.06888936064633202627
    650.88 0.06778872282080672385
    651.16 0.06663163293161632195
    651.45 0.06566728434449944918
    651.73 0.06479536101576272022
    652.02 0.06408030717492381456
    652.30 0.06358009559373817288
    652.59 0.06305948962738529284
    652.88 0.06267252010866102008
    653.16 0.06240043163778436625
    653.45 0.06208414125174822190
    653.73 0.06171275054257174819
    654.02 0.06126554408671307933
    654.30 0.06075570135428855906
    654.59 0.06059492871562548871
    654.87 0.06040754368538131525
    655.16 0.06041903347984173278
    655.44 0.06066249884510669516
    655.73 0.06107820974673857511
    656.01 0.06144569730514981565
    656.30 0.06193948811884286698
    656.59 0.06203596859879726561
    656.87 0.06199828883166971782
    657.16 0.06188577332974041362
    657.44 0.06153563874031570818
    657.73 0.06097753887115743565
    658.01 0.06048138251154606265
    658.30 0.05993130860175351765
    658.58 0.05935675129170634584
    658.87 0.05896461136547487963
    659.15 0.05842734519715439556
    659.44 0.05777345761506066241
    659.72 0.05716018983573582096
    660.01 0.05655891875356817283
    660.29 0.05586703036597226446
    660.58 0.05512477274707265618
    660.87 0.05432635030936947690
    661.15 0.05365222041291753396
    661.44 0.05326378087637258230
    661.72 0.05286067495513404463
    662.01 0.05229297772825000634
    662.29 0.05184041500056198876
    662.58 0.05132200561256183152
    662.86 0.05087973300961851769
    663.15 0.05044621292657298223
    663.43 0.04972995941601835584
    663.72 0.04913549772674416505
    664.00 0.04869552308269293334
    664.29 0.04803403196014744553
    664.58 0.04764133444094952041
    664.86 0.04726218812051226348
    665.15 0.04673808452555158061
    665.43 0.04646753365952183829
    665.72 0.04628077380927035633
    666.00 0.04596443273296454274
    666.29 0.04578819956204958908
    666.57 0.04570001538956586923
    666.86 0.04559089613570502242
    667.14 0.04575312189543218749
    667.43 0.04567781305144677506
    667.72 0.04557619595749830277
    668.00 0.04565079513770822772
    668.29 0.04586045009309775572
    668.57 0.04604938962494539711
    668.86 0.04621977651809078269
    669.14 0.04637725428922475496
    669.43 0.04693084272438165921
    669.71 0.04849267752019686267
    670.00 0.05222464724472363623
    670.28 0.05799874207026765871
    670.57 0.06541477921447519384
    670.86 0.07406997379448232444
    671.14 0.08278508427324922370
    671.42 0.09047425748724007011
    671.71 0.09646192731569541712
    672.00 0.09949832515969631030
    672.28 0.09993654254106537627
    672.57 0.09836722248209432695
