    350.23 0.00651284253098142422
    350.50 0.00563592403897910689
    350.76 0.00570993753240461432
    351.02 0.00592188996662943324
    351.29 0.00599835218234441581
    351.55 0.00545647753092089616
    351.81 0.00526689124324148262
    352.07 0.00498859912839971862
    352.34 0.00570310870123115227
    352.60 0.00541005527455988306
    352.86 0.00636352220489300961
    353.12 0.00540284706387678289
    353.39 0.00629473380198659026
    353.65 0.00643032748763541859
    353.91 0.00566180806825023527
    354.18 0.00552148938325411256
    354.44 0.00555113271857527943
    354.70 0.00495259256403055275
    354.96 0.00477285289907853141
    355.23 0.00605889770317781691
    355.49 0.00632751564052384287
    355.75 0.00611082096242856424
    356.02 0.00578819317852878861
    356.28 0.00598783302321357659
    356.54 0.00613080736477715754
    356.81 0.00602004579248637504
    357.07 0.00660644580272272408
    357.33 0.00591921706553881054
    357.59 0.00565325478476024282
    357.86 0.00626921190770193208
    358.12 0.00590962911065889916
    358.38 0.00669558274296420952
    358.65 0.00646657547532889908
    358.91 0.00540241595079765050
    359.17 0.00611201083452697115
    359.43 0.00604065299766891935
    359.70 0.00566135971064793755
    359.96 0.00569100304596910442
    360.22 0.00510479272548757402
    360.49 0.00552859412679822075
    360.75 0.00624556966644229314
    361.01 0.00685414613346922979
    361.27 0.00606098429048082012
    361.54 0.00642073953275550547
    361.80 0.00603651431210924534
    362.06 0.00627310916993729147
    362.33 0.00555139138642275938
    362.59 0.00557610278811864792
    362.85 0.00561314402387773186
    363.11 0.00604434332562629566
    363.38 0.00574142603170446977
    363.64 0.00603713511494319635
    363.90 0.00555435744440719269
    364.17 0.00550271009752709064
    364.43 0.00582306160436904443
    364.69 0.00508409929768920306
    364.95 0.00536994451367737210
    365.22 0.00641208278212652104
    365.48 0.00608452306460146794
    365.74 0.00614867269077641870
    366.01 0.00688534147587527377
    366.27 0.00578915887182604623
    366.53 0.00596908822653288533
    366.80 0.00605784578726473351
    367.06 0.00609735298983645705
    367.32 0.00590281752400860071
    367.58 0.00573045851497133284
    367.85 0.00632423918112243362
    368.11 0.00547441183501281778
    368.37 0.00512960759432245540
    368.63 0.00620132022000010816
    368.90 0.00622356565488335796
    369.16 0.00609800828171673959
    369.42 0.00640602995449549798
    369.69 0.00641103086621343677
    369.95 0.00595782755290593779
    370.21 0.00586184453696782584
    370.48 0.00644576133586836995
    370.74 0.00609357643926325496
    371.00 0.00531272718581487623
    371.26 0.00594837755421134817
    371.53 0.00592875328684922681
    371.79 0.00568001828471280217
    372.05 0.00567763854051599008
    372.32 0.00621721967035852429
    372.58 0.00574923780069835477
    372.84 0.00560396993755378752
    373.11 0.00590212774308198924
    373.37 0.00636535012434853199
    373.63 0.00620530370485129421
    373.89 0.00624232769608721368
    374.16 0.00583346005183772633
    374.42 0.00626712532039892974
    374.68 0.00635341691431813745
    374.95 0.00622047888523676647
    375.21 0.00634865742592451241
    375.47 0.00600136997389834510
    375.74 0.00610738930231866702
    376.00 0.00705837302131598950
    376.26 0.00671355153610246093
    376.52 0.00540058803134212811
    376.79 0.00497694183073997022
    377.05 0.00599197170877325148
    377.31 0.00656359316265693084
    377.58 0.00664495282295086021
    377.84 0.00554138956298687920
    378.10 0.00533205829628318785
    378.37 0.00562530141270927656
    378.63 0.00639644199961558486
    378.89 0.00592352819633013786
    379.15 0.00618966292234035889
    379.42 0.00667751048268696440
    379.68 0.00635486545426402344
    379.94 0.00462310145991098442
    380.20 0.00566768845064960676
    380.47 0.00604715418290224186
    380.73 0.00606446768416021246
    380.99 0.00507421818591548019
    381.26 0.00591433686548302820
    381.52 0.00601295829346543305
    381.78 0.00626676318541245780
    382.05 0.00593918622336423938
    382.31 0.00573971882391110470
    382.57 0.00563385469619926901
    382.83 0.00569058917741313824
    383.10 0.00592470082390537858
    383.36 0.00576218843759550292
    383.62 0.00645695303140265617
    383.89 0.00625748563194952149
    384.15 0.00687344275489121075
    384.41 0.00633893151485927838
    384.68 0.00534619880527874205
    384.94 0.00681945015286062727
    385.20 0.00566660204569019183
    385.46 0.00590562838128454691
    385.73 0.00612249550461147884
    385.99 0.00592794279426045716
    386.25 0.00594525629551842776
    386.52 0.00589605767092779998
    386.78 0.00624101711232665120
    387.04 0.00601444132245764970
    387.31 0.00573613196309271951
    387.57 0.00603675573543355996
    387.83 0.00616984896522341890
    388.09 0.00590140347310904537
    388.36 0.00621680580180255637
    388.62 0.00580792091302990282
    388.88 0.00632779155289448815
    389.15 0.00681317314642845406
    389.41 0.00660137591291212310
    389.67 0.00641422110299901937
    389.94 0.00708436051772611073
    390.20 0.00627640287386186518
    390.46 0.00640456417002644579
    390.72 0.00606714058525083515
    390.99 0.00642441261618971731
    391.25 0.00608450582007830174
    391.51 0.00656742144679962891
    391.77 0.00610071567185369295
    392.04 0.00608322972536406818
    392.30 0.00636876453993526388
    392.56 0.00608445408650880575
    392.83 0.00711581452797963553
    393.09 0.00616408929448620472
    393.35 0.00656183422129406804
    393.62 0.00619326702768190854
    393.88 0.00610107780684016401
    394.14 0.00691093234825259414
    394.40 0.00702919528812028654
    394.67 0.00607974633168467584
    394.93 0.00660939461618399119
    395.19 0.00696518361813065669
    395.46 0.00581771580218779904
    395.72 0.00567570715392147485
    395.98 0.00628438708808740434
    396.25 0.00641363478921139901
    396.51 0.00650632410122493725
    396.77 0.00665824835031131410
    397.03 0.00521462309352742955
    397.30 0.00596729479612369360
    397.56 0.00631490989409000131
    397.82 0.00734147635812087539
    398.09 0.00702190085482136059
    398.35 0.00665667909870327080
    398.61 0.00609340399403160166
    398.88 0.00638380176413541264
    399.14 0.00687927140372108538
    399.40 0.00622061684142208998
    399.66 0.00714304363005765965
    399.93 0.00746984458856343996
    400.19 0.00714244007174687310
    400.45 0.00618238573356459827
    400.72 0.00665183338769381825
    400.98 0.00707070285537918578
    401.24 0.00724178576970222095
    401.50 0.00688610023489454829
    401.77 0.00720434790991033441
    402.03 0.00730916012170908496
    402.29 0.00694757695997887635
    402.56 0.00676287087235524689
    402.82 0.00678106384429464845
    403.08 0.00613872260091003451
    403.35 0.00634217348521435610
    403.61 0.00643536288839968891
    403.87 0.00746886165074301701
    404.13 0.00730900492100059786
    404.40 0.00755194576335347766
    404.66 0.00762007887437961533
    404.93 0.00737299934646706064
    405.20 0.00700957102075816345
    405.47 0.00719550146952653048
    405.75 0.00742464669334716269
    406.02 0.00781844262435017062
    406.29 0.00724330328774076913
    406.56 0.00704733652649019125
    406.83 0.00712976534722037109
    407.10 0.00865292234484266176
    407.37 0.00874190408437565750
    407.64 0.00827176664931982691
    407.91 0.00897054921702449687
    408.19 0.00891398718104228181
    408.46 0.00883981848690828555
    408.73 0.00918108760034975872
    409.00 0.00873862762497424998
    409.27 0.00932161321962386713
    409.54 0.00886509895786862998
    409.81 0.00910916069422725537
    410.08 0.00991449717057037334
    410.35 0.01078310380240701284
    410.62 0.00977009153358407087
    410.90 0.01005690244286949753
    411.17 0.01064242298242441646
    411.44 0.01093332084370002288
    411.71 0.01098062257074246609
    411.98 0.01215295698908970198
    412.25 0.01252952564145056423
    412.52 0.01290159347326528053
    412.79 0.01240907264714087750
    413.06 0.01456177545195912020
    413.34 0.01368984062715157719
    413.61 0.01402507415748519524
    413.88 0.01391908931811120138
    414.15 0.01453868503544077269
    414.42 0.01621797394580177382
    414.69 0.01747244402798537807
    414.96 0.01756580587640236418
    415.23 0.01853943165431573559
    415.50 0.01970902419347968573
    415.78 0.02000978592200584882
    416.05 0.02069785964082486440
    416.32 0.02071760461984914481
    416.59 0.02199337168814190571
    416.86 0.02261570928465475583
    417.13 0.02258891129565586409
    417.40 0.02484878881194651015
    417.67 0.02574884945403667358
    417.94 0.02669771209668465872
    418.22 0.02787887571089253669
    418.49 0.02998839822970484487
    418.76 0.03066788417598753300
    419.03 0.03101991387188416174
    419.30 0.03248957835864765831
    419.57 0.03349112301956567311
    419.84 0.03446300710063934791
    420.11 0.03643697042284915755
    420.39 0.03791880954296736328
    420.66 0.04066446527682477524
    420.93 0.04080914682618172473
    421.20 0.04171824359841051072
    421.47 0.04365456212655045160
    421.74 0.04502679505742995109
    422.01 0.04675064381565011834
    422.28 0.04807926534744454833
    422.56 0.05018359726478410082
    422.83 0.05168990636327388394
    423.10 0.05187511254206930711
    423.37 0.05450207422297988907
    423.64 0.05667024536507742072
    423.91 0.05776115114503806158
    424.18 0.05996262146136779880
    424.45 0.06222270591193642536
    424.72 0.06405071159007506842
    425.00 0.06550585618833336399
    425.27 0.06772229475077060079
    425.54 0.06955540480776616075
    425.81 0.07139774068465516710
    426.08 0.07361362742235109946
    426.35 0.07460875712065162535
    426.62 0.07697392969538964513
    426.89 0.07920378449684947753
    427.16 0.08134027744989233422
    427.44 0.08391205665667392233
    427.71 0.08605770645151755716
    427.98 0.08813701656574425558
    428.25 0.09161772009952297291
    428.52 0.09401451912974617686
    428.79 0.09621209218384053907
    429.06 0.09865298545979744871
    429.33 0.10108003138365261042
    429.60 0.10274947367128620113
    429.88 0.10574434725392867218
    430.15 0.10777849396198541099
    430.42 0.11196498133987392576
    430.69 0.11544596078602330225
    430.96 0.11769350846825074597
    431.23 0.12130097649181766084
    431.50 0.12444168700686913942
    431.77 0.12570817652169896661
    432.04 0.12914445816380384913
    432.31 0.13281590336831408661
    432.59 0.13605683905200235961
    432.86 0.13913874574306012155
    433.13 0.14337629415404110067
    433.40 0.14704342822776000910
    433.67 0.14935345281741538304
    433.94 0.15384280575565620341
    434.21 0.15751142285836730594
    434.48 0.16213918033953295117
    434.75 0.16611754356733932081
    435.03 0.16962150996286806670
    435.30 0.17299998796332283213
    435.57 0.17725995425441873343
    435.84 0.18218902528885180803
    436.11 0.18603246736741280154
    436.39 0.19011584974129594472
    436.66 0.19431554642392906418
    436.94 0.19886980774736415234
    437.21 0.20415504716325352796
    437.49 0.20927692921119792069
    437.76 0.21403567609032722596
    438.03 0.21851568249701247559
    438.31 0.22376305294003082103
    438.58 0.22996442489360041650
    438.86 0.23383821733293239098
    439.13 0.23929267725464292704
    439.40 0.24517080062147883490
    439.68 0.25050580773122327338
    439.95 0.25596899338165551852
    440.23 0.26169498556512699183
    440.50 0.26697787972586589644
    440.78 0.27393688980470337624
    441.05 0.27969862988469657017
    441.32 0.28592545475445813041
    441.60 0.29269046394768594155
    441.87 0.29955171482469922228
    442.15 0.30580135419860854373
    442.42 0.31196615051854453826
    442.69 0.31920122816873541804
    442.97 0.32588777478156100154
    443.24 0.33335318752767095773
    443.52 0.34089356221598060559
    443.79 0.34822707160439908547
    444.07 0.35496788673162582572
    444.34 0.36320649216289879746
    444.62 0.37163832247623906913
    444.89 0.37980896724171747669
    445.16 0.38902368166223955104
    445.44 0.39750834919455829697
    445.71 0.40673610047459340944
    445.99 0.41683633840417733118
    446.26 0.42594075685453414160
    446.53 0.43465158630816591590
    446.81 0.44523986148785127392
    447.08 0.45471557176648030874
    447.36 0.46390847186519834633
    447.63 0.47490870145877978059
    447.90 0.48546498804799342874
    448.18 0.49628246018506888548
    448.45 0.50679498017448909586
    448.73 0.51716766432556171562
    449.00 0.52832374991951114307
    449.28 0.54011433049880508417
    449.55 0.54996269492303651027
    449.82 0.56208585337609651145
    450.10 0.57313364336456784631
    450.37 0.58335678301075100105
    450.65 0.59464235772914875167
    450.92 0.60463462769919473772
    451.19 0.61526985971545922194
    451.47 0.62676609352884438131
    451.74 0.63709126901859658432
    452.02 0.64639330970442787638
    452.29 0.65704697611595608286
    452.57 0.66616008580598817801
    452.84 0.67557797519844398071
    453.12 0.68497275692985826190
    453.39 0.69289825355401857276
    453.66 0.70013502116747972082
    453.94 0.70840316646693479719
    454.21 0.71517743596910232640
    454.49 0.72320636524320836003
    454.76 0.72928649095440256644
    455.03 0.73514202399589190229
    455.31 0.73992199888303777922
    455.58 0.74232190192743074952
    455.86 0.74512196413187470334
    456.13 0.74885447219291334520
    456.40 0.75078644510121561595
    456.68 0.75215664317836150587
    456.95 0.75165988019953844379
    457.23 0.75118482807538056178
    457.50 0.75057102651783447200
    457.78 0.75073065906877578524
    458.05 0.74784804733193954718
    458.32 0.74545180012645750889
    458.60 0.74308821404785074805
    458.87 0.74044938813500238428
    459.15 0.73757724382372735761
    459.42 0.73310401451464624056
    459.70 0.72736169176773701750
    459.97 0.72246095348486460974
    460.24 0.71668448658208827595
    460.52 0.71044572850229625871
    460.79 0.70291180326565050329
    461.07 0.69569331484674468147
    461.34 0.68900392288759682025
    461.62 0.68261658599621255483
    461.89 0.67547074875340207267
    462.16 0.66937463736923341617
    462.44 0.66184983448534218109
    462.71 0.65443096470725548031
    462.99 0.64821648691608013682
    463.26 0.64174187549295624855
    463.54 0.63411755446587791951
    463.81 0.62670651370130825430
    464.08 0.62034425034660634068
    464.36 0.61316030270760046861
    464.63 0.60504102937663162276
    464.91 0.59923622972229451111
    465.18 0.59386347435134123618
    465.45 0.58741472971296526673
    465.73 0.57997385592331962556
    466.00 0.57480265453912238183
    466.28 0.56892410005920734939
    466.55 0.56361463208827067284
    466.82 0.55852620441526701356
    467.10 0.55390386171437533402
    467.37 0.54706389057894788674
    467.65 0.54167428730886213462
    467.92 0.53626847418700096526
    468.20 0.53160769344397373892
    468.47 0.52724013857284945939
    468.74 0.52176784781418594772
    469.02 0.51798222662179826958
    469.29 0.51495802010525160153
    469.57 0.51071164249840994565
    469.84 0.50617407387339885538
    470.12 0.50196277162667557459
    470.39 0.49658987829953687987
    470.66 0.49298013399891210673
    470.94 0.48861401042321062071
    471.21 0.48415155894110761814
    471.49 0.47909049832636729782
    471.76 0.47724626555193011557
    472.04 0.47240505536302429546
    472.31 0.46819199417493806425
    472.58 0.46458323281213376177
    472.86 0.45910895893330622153
    473.13 0.45534925625923594605
    473.41 0.45129456877189988440
    473.68 0.44812773280425294287
    473.95 0.44302487146535995954
    474.23 0.43904635303684502734
    474.50 0.43507352530097470611
    474.78 0.43141992817794061477
    475.05 0.42761849375781024740
    475.32 0.42297507824961050327
    475.60 0.41968716848482001680
    475.87 0.41470355302361500138
    476.15 0.41117089174153920172
    476.42 0.40649112477850707359
    476.70 0.40311381940562751591
    476.97 0.39963235711282951712
    477.25 0.39542422785836850441
    477.52 0.39194950817412815836
    477.79 0.38972786176569501615
    478.07 0.38684280130656928387
    478.34 0.38378076030619789893
    478.62 0.38048003786069550802
    478.89 0.37704651534229705057
    479.16 0.37467261703883736335
    479.44 0.37320955720444620729
    479.71 0.37034030997306305322
    479.99 0.36785547765208093107
    480.26 0.36534850336335450427
    480.54 0.36318000457531685043
    480.81 0.36010682361298074206
    481.08 0.35819606146817178915
    481.36 0.35722226324502681649
    481.63 0.35478340482280340540
    481.91 0.35472113484965345220
    482.18 0.35316543743681821921
    482.45 0.35200175976909997555
    482.73 0.35065660073958998533
    483.00 0.34978439000241179357
    483.28 0.34926993414282114792
    483.55 0.34889167552719002607
    483.83 0.34810577362845429583
    484.10 0.34849581025340725660
    484.37 0.34875425392208575515
    484.65 0.34791592867292736591
    484.92 0.34644774721515608773
    485.20 0.34749886988017431033
    485.47 0.34776926400340640866
    485.75 0.34890238437607573596
    486.02 0.34945196732935412953
    486.29 0.35003136606318535629
    486.57 0.34962856849109003043
    486.84 0.35060153897712320603
    487.12 0.35197685867764927359
    487.39 0.35286605527014530681
    487.67 0.35396285867702848016
    487.94 0.35479613128089937391
    488.21 0.35638862850616942479
    488.49 0.35742997352655292431
    488.76 0.35922462829688983632
    489.04 0.35951487086628519663
    489.31 0.36078370563626549483
    489.58 0.36255239015471546482
    489.86 0.36407922023577193871
    490.13 0.36575580175599603505
    490.41 0.36795278849630275175
    490.68 0.36862218639653371310
    490.95 0.37100384473541780928
    491.23 0.37296411590623435028
    491.50 0.37422739793975545730
    491.78 0.37551901272483712013
    492.05 0.37804693910920927902
    492.33 0.37957778716416334941
    492.60 0.38139561857363446506
    492.87 0.38467154339482512171
    493.15 0.38577834862514415182
    493.42 0.38778816331101467751
    493.70 0.39031962482263576897
    493.97 0.39292616898811860704
    494.25 0.39465650168704891065
    494.52 0.39668371609679320411
    494.79 0.39913511128735784661
    495.07 0.40137177767546794449
    495.34 0.40286882646501798177
    495.62 0.40525401993115089949
    495.89 0.40789124210334487541
    496.17 0.41049202659809047589
    496.44 0.41241915379538335307
    496.71 0.41454652439567168942
    496.99 0.41700973208460451191
    497.26 0.42037274174777999880
    497.54 0.42251185586834399954
    497.81 0.42650868798046043251
    498.08 0.42916712091614767077
    498.36 0.43173969337099488142
    498.63 0.43527537244462460864
    498.91 0.43756580725596422310
    499.18 0.43809038565065294701
    499.45 0.44113833787559825206
    499.73 0.44427196089162879211
    500.00 0.44663004596734584561
    500.28 0.44971857455529906655
    500.55 0.45223844774735311169
    500.83 0.45540938791151336362
    501.10 0.45800146392206053658
    501.38 0.46141772467277047953
    501.65 0.46360226086735190076
    501.92 0.46620297638400493012
    502.20 0.46863824794540986929
    502.47 0.47099843685295317286
    502.75 0.47395418261253352554
    503.02 0.47589229457108267463
    503.29 0.47947187820069125941
    503.57 0.48219342609116355725
    503.84 0.48482764771632680390
    504.12 0.48732805184172717228
    504.39 0.49096280070094161507
    504.67 0.49270053130030977417
    504.94 0.49502761072337564396
    505.21 0.49830296647530192278
    505.49 0.50108004173036646556
    505.76 0.50352162478725004391
    506.04 0.50616557232347847428
    506.31 0.51006993930238253565
    506.58 0.51272268154542521845
    506.86 0.51520182317376272962
    507.13 0.51753526582587661142
    507.41 0.51920129369792356044
    507.68 0.52241779389228648611
    507.96 0.52484758169532497174
    508.23 0.52707243558506688963
    508.50 0.52923203619915126783
    508.78 0.53188955517511071758
    509.05 0.53585048418999703390
    509.33 0.53896717308427921633
    509.60 0.54166399232853246204
    509.88 0.54451542596748581104
    510.15 0.54686625109895037333
    510.42 0.54993491399621718951
    510.70 0.55212295082900120224
    510.97 0.55350494415999218489
    511.25 0.55651523434634442289
    511.52 0.55993389208577437621
    511.80 0.56376540095430505151
    512.07 0.56603652189969944075
    512.34 0.56849760851228292591
    512.62 0.57059890539354540806
    512.89 0.57295699046926240605
    513.17 0.57610427114763984591
    513.44 0.57837061536011746821
    513.71 0.58116005493829170359
    513.99 0.58359912029479310558
    514.26 0.58620540579242841339
    514.54 0.58817267823965013740
    514.81 0.58980245812400344807
    515.09 0.59182408530824215376
    515.36 0.59389423858066814343
    515.63 0.59609281181710616071
    515.91 0.59892629390744445139
    516.18 0.60165977500794709520
    516.46 0.60404395104721331222
    516.73 0.60665540990179833702
    517.00 0.60825068349529787248
    517.28 0.61010095185284296537
    517.55 0.61273460440874161215
    517.83 0.61416553769647597161
    518.10 0.61631632635922284358
    518.38 0.61783663801052279840
    518.65 0.61985457486680417549
    518.92 0.62021398521861559328
    519.20 0.62360099925803724741
    519.47 0.62483158567563679142
    519.75 0.62699565262122103348
    520.02 0.62797117529668255997
    520.29 0.62983382522186026620
    520.57 0.63105489266267267290
    520.84 0.63319009227647815585
    521.12 0.63505674293103020478
    521.39 0.63675420756880740658
    521.67 0.63797263659757563747
    521.94 0.63913814218474940265
    522.21 0.64125751132628905360
    522.49 0.64375879492237086943
    522.76 0.64575124437341380190
    523.04 0.64729121478112239263
    523.31 0.64806528693696674459
    523.59 0.64879022944631314918
    523.86 0.65005254578653703934
    524.13 0.65241138962127331880
    524.41 0.65375115111503268039
    524.68 0.65568910787287326691
    524.96 0.65689387923929443147
    525.23 0.65801706676662052864
    525.50 0.65913442564511670607
    525.78 0.66010196410635280095
    526.05 0.66119245601775744614
    526.33 0.66262737279034289450
    526.60 0.66458898903396623759
    526.88 0.66577332564043667507
    527.15 0.66673974320766693502
    527.42 0.66792689067141308712
    527.70 0.66811002750742876088
    527.97 0.66993342889788221051
    528.25 0.67156374336245361345
    528.52 0.67246152772748613025
    528.79 0.67276660058680359811
    529.07 0.67449419140655064719
    529.34 0.67517416019948184314
    529.62 0.67700320054901041988
    529.89 0.67692161670991535249
    530.17 0.67860342332065848314
    530.44 0.67996001546902706814
    530.72 0.68128137705656888201
    530.99 0.68168191559612956176
    531.26 0.68353187355225764055
    531.54 0.68548864408487164557
    531.81 0.68539526499193148545
    532.09 0.68742092739459081940
    532.36 0.68703292562337137106
    532.63 0.68732099538284785467
    532.91 0.68902803073098184417
    533.18 0.68951346405808533468
    533.46 0.69067964218166255641
    533.73 0.69030609132085563040
    534.00 0.69164769797859348976
    534.28 0.69270918460203412259
    534.55 0.69336449372683917058
    534.83 0.69434277552600709438
    535.10 0.69627066148231930853
    535.38 0.69637338710681495613
    535.65 0.69736284335699416648
    535.92 0.69856252758908143896
    536.20 0.69944812007623602401
    536.47 0.70055297667543736662
    536.75 0.70142020374542080052
    537.02 0.70239139804556782742
    537.29 0.70277858932419845495
    537.57 0.70336628267367229395
    537.84 0.70369941237217970009
    538.12 0.70436510269993024558
    538.39 0.70611745665494252133
    538.67 0.70701239567365270489
    538.94 0.70747751495246735676
    539.22 0.70719296307571655191
    539.49 0.70973599566238154690
    539.76 0.71056878541960399875
    540.04 0.71136056770073918809
    540.31 0.71216361065550126686
    540.59 0.71300459156122697468
    540.86 0.71378906216454018896
    541.13 0.71541344451314281550
    541.41 0.71615616612587273959
    541.68 0.71627908508699500434
    541.96 0.71648455358050966435
    542.23 0.71736578320330324221
    542.50 0.71683385864174620217
    542.78 0.71861418321333270232
    543.05 0.71942341695191125428
    543.33 0.71976378935014806437
    543.60 0.72230442494809310450
    543.88 0.72179184874152746421
    544.15 0.72353316620171415074
    544.42 0.72428738991139529624
    544.70 0.72550716401297021818
    544.97 0.72658739543309147635
    545.25 0.72719164352480403224
    545.52 0.72790567025098684706
    545.80 0.72898497046685717393
    546.07 0.72974917875545097790
    546.35 0.73047086204991928948
    546.63 0.73129523647983696311
    546.91 0.73308808057524144086
    547.19 0.73423784191276530997
    547.47 0.73420474967281101897
    547.75 0.73634108742514547963
    548.04 0.73768224572528096061
    548.32 0.73863040134247914814
    548.60 0.73951413142113187060
    548.88 0.74026290586149279260
    549.16 0.74180948092157350526
    549.44 0.74289602383717334710
    549.72 0.74374707554442776036
    550.00 0.74522450006661566935
    550.28 0.74550662046560001173
    550.56 0.74778481166549226611
    550.84 0.74903547070805642782
    551.12 0.74949158834577878086
    551.41 0.75158193495483127666
    551.69 0.75376855773671569416
    551.97 0.75492888996693974235
    552.25 0.75659441774781499568
    552.53 0.75793561053699676222
    552.81 0.75998298379432138727
    553.09 0.76103391676958487277
    553.37 0.76232151358076905012
    553.65 0.76436995599852985972
    553.93 0.76390656117203159514
    554.21 0.76533111398619468879
    554.50 0.76848693070353901735
    554.77 0.76893289131711706208
    555.06 0.77103843035107821891
    555.34 0.77246379365783002235
    555.62 0.77446350305312561257
    555.90 0.77648557859496658562
    556.18 0.77701772733532481485
    556.46 0.77850073908301842263
    556.74 0.77995064134623437457
    557.02 0.78294458372462594209
    557.30 0.78478500545944362976
    557.58 0.78570037923810454039
    557.86 0.78668642107269692865
    558.14 0.78876804195302774314
    558.43 0.79094630114117692177
    558.71 0.79199521650723014865
    558.99 0.79425267979027758258
    559.27 0.79681011155378567157
    559.55 0.79759742750342099704
    559.83 0.79964047238543112250
    560.11 0.80199703994310955757
    560.39 0.80377826122990081448
    560.67 0.80567141671655795321
    560.95 0.80786454068367574699
    561.23 0.80964491698883167548
    561.51 0.81213956144349486177
    561.80 0.81274782750910479212
    562.08 0.81545088927074393936
    562.36 0.81652034286388697204
    562.64 0.81928576082129178637
    562.92 0.82180397853912190431
    563.20 0.82315018948454499181
    563.48 0.82447563802407697331
    563.76 0.82698533694746345635
    564.04 0.82945771872272022751
    564.32 0.83131271207961265901
    564.60 0.83311581666630052379
    564.88 0.83518553882564727786
    565.17 0.83741268623697018292
    565.45 0.83982238417052101909
    565.73 0.84045958654600239068
    566.01 0.84256021089086141629
    566.29 0.84405405219910267789
    566.57 0.84624684852028020376
    566.85 0.84932570293073783585
    567.13 0.85080733511657791190
    567.41 0.85261819973869024114
    567.69 0.85441468242848273018
    567.97 0.85674707316468357021
    568.25 0.85814631101883986908
    568.53 0.86077423839304767483
    568.82 0.86219968792241530320
    569.10 0.86449193340868735191
    569.38 0.86654967062443422066
    569.66 0.86842018405217535904
    569.94 0.87089204849173706968
    570.22 0.87388035191105362109
    570.50 0.87571363441328087251
    570.78 0.87811446866192466310
    571.06 0.88036389599717712606
    571.34 0.88367353386115599090
    571.62 0.88494874910470744389
    571.90 0.88687696270695970391
    572.19 0.88933075488624424576
    572.47 0.89261195653152358709
    572.75 0.89401129785281885365
    573.03 0.89602763096844584290
    573.31 0.89721714093186577532
    573.59 0.89901729670509245018
    573.87 0.89980826849363881870
    574.15 0.90227361450344412130
    574.43 0.90380109987638090896
    574.71 0.90627004999152782627
    574.99 0.90844479129695132613
    575.27 0.91061232439169170760
    575.56 0.91369900781566626424
    575.84 0.91501674805334343166
    576.12 0.91685391057328280429
    576.40 0.91879102234948828443
    576.68 0.92043825369128506875
    576.96 0.92257728158923313355
    577.25 0.92492789978641964943
    577.53 0.92626298801440121178
    577.82 0.92868517098272362897
    578.10 0.93045356234427978315
    578.39 0.93235415022042122946
    578.67 0.93358358125496887503
    578.96 0.93661116769805585758
    579.24 0.93873669313436558514
    579.53 0.94073840289434829121
    579.81 0.94212031000272367098
    580.10 0.94332978912396892035
    580.38 0.94453744032575870371
    580.67 0.94638170758924222703
    580.96 0.94838621096197783800
    581.24 0.94947966893136692690
    581.53 0.95053189524586778614
    581.81 0.95184025446294295847
    582.10 0.95359823013250732959
    582.38 0.95582454980671816003
    582.67 0.95779894424200717751
    582.95 0.95899919754335904987
    583.24 0.96068981610543968674
    583.52 0.96283496580911154261
    583.81 0.96493886661337180399
    584.10 0.96583097753028279708
    584.38 0.96764672235245097198
    584.67 0.96977154076331095744
    584.95 0.97192995150529692960
    585.24 0.97266477512641702496
    585.52 0.97538811644729850325
    585.81 0.97586665196513588949
    586.09 0.97763621595426730693
    586.38 0.97873029472649031302
    586.66 0.98025093402373042473
    586.95 0.98001573597227886747
    587.23 0.98101198656458510339
    587.52 0.98270969262568663716
    587.80 0.98430710454005876375
    588.09 0.98411174133711887269
    588.38 0.98534417291869724753
    588.66 0.98623361093451755721
    588.95 0.98795804600652548100
    589.23 0.98910687613979830779
    589.52 0.99118356508650384828
    589.80 0.99284459204683273015
    590.09 0.99213278986413844240
    590.37 0.99379262695236891823
    590.66 0.99446881919472696065
    590.94 0.99568640324186008517
    591.23 0.99512524921353762153
    591.51 0.99570442376856782563
    591.80 0.99654043825162186288
    592.09 0.99646937357165765725
    592.37 0.99735222417962887675
    592.66 0.99705937768723562620
    592.94 0.99750944249732698133
    593.23 0.99777395623815967607
    593.51 0.99874428831214845381
    593.80 0.99841869447026432294
    594.08 0.99924977701969330823
    594.37 0.99966978462590749821
    594.65 0.99947743921452159022
    594.94 1.00000000000000000000
    595.23 0.99878179515003306932
    595.51 0.99879359040387805102
    595.80 0.99987863304596258374
    596.08 0.99860514225472751804
    596.37 0.99915955367449227342
    596.65 0.99868762280902734219
    596.94 0.99943281038856990328
    597.22 0.99938623293150030680
    597.51 0.99917481507749361658
    597.79 0.99867208549365538151
    598.08 0.99871440355350304952
    598.37 0.99879124514872763552
    598.65 0.99790232446860227533
    598.93 0.99729340311111203121
    599.22 0.99701367970084753267
    599.51 0.99691795535275684603
    599.79 0.99680650399953951712
    600.08 0.99621075745774756438
    600.36 0.99569135242000839092
    600.65 0.99537056980008742357
    600.93 0.99446716372050314448
    601.22 0.99428235416574051175
    601.50 0.99270749808766867162
    601.79 0.99252289546718397428
    602.08 0.99171821428272111110
    602.36 0.99077719789811335982
    602.64 0.99054312074066752647
    602.93 0.99013604652682718488
    603.22 0.98817146422521928706
    603.50 0.98744169324938657617
    603.79 0.98625899487261692311
    604.07 0.98419511860662323155
    604.36 0.98427723702593639121
    604.64 0.98318555524243333998
    604.93 0.98311940525157115456
    605.21 0.98087406486830897023
    605.50 0.98141595676425563699
    605.78 0.97885154096886550779
    606.07 0.97787194858593706748
    606.36 0.97638955764107748792
    606.64 0.97480630348022412335
    606.93 0.97231991915215709721
    607.21 0.97131787440006733814
    607.50 0.97013941817599647077
    607.78 0.96975041622243329797
    608.07 0.96685468140346830790
    608.35 0.96515587169288419300
    608.64 0.96255574249001885079
    608.92 0.96140817120693700115
    609.21 0.95961931059638361230
    609.50 0.95830419152622758894
    609.78 0.95621301718006312953
    610.07 0.95550183580020253693
    610.35 0.95337113700694331442
    610.64 0.95171874955272028895
    610.92 0.94876455580022467373
    611.21 0.94757140724241695207
    611.49 0.94513006560885781671
    611.78 0.94257322015913724833
    612.06 0.93964615204158075112
    612.35 0.93730131075965472665
    612.63 0.93477855773223206270
    612.92 0.93355669704335408898
    613.21 0.93105525824656376610
    613.49 0.92867718676849819737
    613.78 0.92696796136592207738
    614.06 0.92434981163634899470
    614.35 0.92291998199809732739
    614.63 0.92040664448032305511
    614.92 0.91780649803293445910
    615.20 0.91569156073384827543
    615.49 0.91375939813579121207
    615.77 0.90974368327080878949
    616.06 0.90671973542210948516
    616.34 0.90441246995616064730
    616.63 0.90210460093190092401
    616.91 0.89918508591549084485
    617.20 0.89654727742950934832
    617.49 0.89241705893070910616
    617.77 0.88987121548676817451
    618.06 0.88755043031465774561
    618.34 0.88369781414977277567
    618.63 0.88025172037398680125
    618.91 0.87783034789825298283
    619.20 0.87463310983626574302
    619.48 0.87231751526562795185
    619.77 0.86948265361343646251
    620.05 0.86734659177347261938
    620.34 0.86364572741244238774
    620.62 0.86059929270553570113
    620.91 0.85808466184852394409
    621.20 0.85400755648107296025
    621.48 0.85164967833963389765
    621.77 0.84799682273109588948
    622.05 0.84377803636131865073
    622.34 0.84126021526752137181
    622.62 0.83815996040381568477
    622.91 0.83506053327722196133
    623.19 0.83168781494750443350
    623.48 0.82872858579424468761
    623.76 0.82582633254552306745
    624.05 0.82134467066461391838
    624.34 0.81850941238838959002
    624.62 0.81450014697507100436
    624.91 0.81126233255007562661
    625.19 0.80849300008591218347
    625.48 0.80432073943963500184
    625.76 0.80008174248870822520
    626.05 0.79731761787054078461
    626.33 0.79392401642326992928
    626.62 0.79042986216142230305
    626.90 0.78751871073874746276
    627.19 0.78362644941510550822
    627.48 0.78084911549219337967
    627.76 0.77796903870026246075
    628.04 0.77385180532740571735
    628.33 0.77033212917127347197
    628.62 0.76618623540091601587
    628.90 0.76251204831722252386
    629.19 0.75877440138828067262
    629.47 0.75533870605996344949
    629.76 0.75403548571079148655
    630.04 0.74898146086150252376
    630.33 0.74587667068820440175
    630.61 0.74028741032891065554
    630.90 0.73777321058497802309
    631.18 0.73421161299303083769
    631.47 0.72988891112665954530
    631.76 0.72632708935591117072
    632.04 0.72313131707839295448
    632.33 0.71955613080219138489
    632.61 0.71552267132287195039
    632.90 0.71237440770667392886
    633.18 0.70779050304791768511
    633.47 0.70449892019969295731
    633.75 0.70136676296813149634
    634.04 0.69652258672124123251
    634.32 0.69351850456322849947
    634.61 0.68985085315381466931
    634.89 0.68591922258378623667
    635.18 0.68230775383084496521
    635.47 0.67912243173436481758
    635.75 0.67505700090909670497
    636.04 0.67065312907218643801
    636.32 0.66580460720545842079
    636.61 0.66203172971568979843
    636.89 0.65732142270213200774
    637.18 0.65246945193077088287
    637.46 0.64856058413132078311
    637.75 0.64482861065050034455
    638.03 0.64038036865548564336
    638.32 0.63740622298968785397
    638.61 0.63326329527731484159
    638.89 0.62942281925673837506
    639.18 0.62561421111497117487
    639.46 0.62103435891915881317
    639.75 0.61737160495432397145
    640.03 0.61201512841323868486
    640.32 0.60863602960994989122
    640.60 0.60383727543707721441
    640.89 0.60065221200844443050
    641.17 0.59635337656213394109
    641.46 0.59288586508857665791
    641.74 0.58826754036158246386
    642.03 0.58467586832123497054
    642.32 0.57940659733379662466
    642.60 0.57521719563149320553
    642.89 0.57147104715263086216
    643.17 0.56826418664671729530
    643.46 0.56500029850269606335
    643.74 0.56071237883954916370
    644.03 0.55483227235254917176
    644.31 0.55289103913530712742
    644.60 0.54804310358236696388
    644.88 0.54416344800515870084
    645.17 0.54052619869008533549
    645.46 0.53521240234383415935
    645.74 0.53240675291388472878
    646.02 0.52830107337154885716
    646.31 0.52381620400933093240
    646.60 0.52062538090996102191
    646.88 0.51678690525407167122
    647.17 0.51269674578258461750
    647.45 0.50959238672236562007
    647.74 0.50493372705568773107
    648.02 0.50173457485162897829
    648.31 0.49745645007764000001
    648.59 0.49370580077823156273
    648.88 0.49030906082774472488
    649.16 0.48732501680565004643
    649.45 0.48343496278097325414
    649.74 0.47943135357125282736
    650.02 0.47627950309423650044
    650.31 0.47275306708502340403
    650.59 0.46863536811004130600
    650.88 0.46466419584839485646
    651.16 0.46145823205768582431
    651.45 0.45771672235555493913
    651.73 0.45389975062005266659
    652.02 0.45074503755219097467
    652.30 0.44744916081769803284
    652.59 0.44401820773325123559
    652.88 0.43949383116846163500
    653.16 0.43705121344018821317
    653.45 0.43254865119720276034
    653.73 0.42913416663237879956
    654.02 0.42533804352538340243
    654.30 0.42293783007957347353
    654.59 0.41983678196780221947
    654.87 0.41653292101908373501
    655.16 0.41244741756885128225
    655.44 0.40956668548503999405
    655.73 0.40662523543516365665
    656.01 0.40350289033728325983
    656.30 0.39997522996692536079
    656.59 0.39616162091344037099
    656.87 0.39337354365259630251
    657.16 0.39029358559265620032
    657.44 0.38690410558642196470
    657.73 0.38338675744091693653
    658.01 0.37988225646517004286
    658.30 0.37597275061836271659
    658.58 0.37417918225298524293
    658.87 0.37086402614159347246
    659.15 0.36834335970147386030
    659.44 0.36387132026449098277
    659.72 0.35985374299100664208
    660.01 0.35782549390987250515
    660.29 0.35594509937035762048
    660.58 0.35241881856185297561
    660.87 0.35049534720347119698
    661.15 0.34740231779497177111
    661.44 0.34440794430350113453
    661.72 0.34130532694012177819
    662.01 0.33776059449183032379
    662.29 0.33524582567863320248
    662.58 0.33223853603931174927
    662.86 0.32914880033473692400
    663.15 0.32669919857458146195
    663.43 0.32326153737062340854
    663.72 0.32148804163021027502
    664.00 0.31810568361204333288
    664.29 0.31540819183138663062
    664.58 0.31284988059719714970
    664.86 0.30958525093867972355
    665.15 0.30694159655934510900
    665.43 0.30404284394882613585
    665.72 0.30130398255709583966
    666.00 0.29879819814046787441
    666.29 0.29572401699578820811
    666.57 0.29410072105214490890
    666.86 0.29140081503824510900
    667.14 0.28764240570341220726
    667.43 0.28539827243677146074
    667.72 0.28339245848027533325
    668.00 0.28046994291683452483
    668.29 0.27848183908562917921
    668.57 0.27571847322648096457
    668.86 0.27393980412911828060
    669.14 0.27040891903292851861
    669.43 0.26803095102200180655
    669.71 0.26551000866951157686
    670.00 0.26252327450180312773
    670.28 0.25995653069578583683
    670.57 0.25816415220250671370
    670.86 0.25628194698805950580
    671.14 0.25374979569551181502
    671.42 0.25197264411618763846
    671.71 0.24922576402118554184
    672.00 0.24570434616821351659
    672.28 0.24566975365474388870
    672.57 0.24297964253000192691
