    350.23 0.02516712290483057515
    350.50 0.02544557603371896959
    350.76 0.02577337667792150080
    351.02 0.02598679722379011736
    351.29 0.02634375419504907806
    351.55 0.02663341767262798754
    351.81 0.02692757156999049314
    352.07 0.02710508445835881422
    352.34 0.02732073451335075356
    352.60 0.02759020680267195574
    352.86 0.02795163849294603556
    353.12 0.02810448547404152675
    353.39 0.02835825699488861429
    353.65 0.02862100935530289408
    353.91 0.02896449506721106293
    354.18 0.02926761410337228725
    354.44 0.02957073313953351504
    354.70 0.02972356441986052922
    354.96 0.03014107925512414174
    355.23 0.03042176189313585896
    355.49 0.03073609127798759832
    355.75 0.03103247468447343019
    356.02 0.03136922476670620658
    356.28 0.03153102118583193947
    356.54 0.03190366322479653433
    356.81 0.03212154278891179993
    357.07 0.03242913654408815377
    357.33 0.03273223987948090108
    357.59 0.03312731831659500303
    357.86 0.03336537336819950933
    358.12 0.03368417747206636781
    358.38 0.03378092560740385275
    358.65 0.03411095576072970675
    358.91 0.03440060353754014616
    359.17 0.03465435935761875669
    359.43 0.03482063049575961217
    359.70 0.03509682271398773673
    359.96 0.03536627930254045843
    360.22 0.03563573589109318707
    360.49 0.03580425223912584581
    360.75 0.03603108124127134965
    361.01 0.03621306884865480025
    361.27 0.03645335340938261892
    361.54 0.03673402034662586607
    361.80 0.03700572214507039104
    362.06 0.03731330019947826093
    362.33 0.03763433381246845261
    362.59 0.03790601991014450056
    362.85 0.03814407496174899992
    363.11 0.03843819745757455497
    363.38 0.03864483527146235498
    363.64 0.03882680717807732856
    363.90 0.03912989481270160580
    364.17 0.03935223339506352391
    364.43 0.03953645051157028689
    364.69 0.03987318489303458974
    364.95 0.04012243459256113060
    365.22 0.04042999694620053042
    365.48 0.04075327576908251842
    365.74 0.04093075725591389241
    366.01 0.04131906866181565136
    366.27 0.04174551723434103551
    366.53 0.04213831906002639405
    366.80 0.04242346071628475684
    367.06 0.04270858667177464957
    367.32 0.04312829961462463779
    367.58 0.04352110144030999633
    367.85 0.04382418907493427357
    368.11 0.04423492117821706954
    368.37 0.04447520573894489515
    368.63 0.04481192441964072098
    368.90 0.04520471054455760251
    369.16 0.04551227289819699540
    369.42 0.04584450115910923551
    369.69 0.04619692060827917252
    369.95 0.04656504082592322069
    370.21 0.04705204726245326013
    370.48 0.04743362303867962315
    370.74 0.04776585129959186327
    371.00 0.04814742707581822628
    371.26 0.04857385994757513342
    371.53 0.04897113649227560761
    371.79 0.04918223332441006013
    372.05 0.04948081483848226769
    372.32 0.04992294847871329294
    372.58 0.05032022502341376713
    372.84 0.05075113261418580379
    373.11 0.05113944402008756274
    373.37 0.05146718186121619631
    373.63 0.05195864731599288133
    373.89 0.05238732539764158480
    374.16 0.05280702263972310295
    374.42 0.05325810571798436643
    374.68 0.05353874125369065956
    374.95 0.05386647909481930008
    375.21 0.05423682882158666757
    375.47 0.05455558582314811583
    375.74 0.05473080639931920954
    376.00 0.05487460973777361778
    376.26 0.05514850964380451498
    376.52 0.05547847699405646787
    376.79 0.05581742518387562690
    377.05 0.05608907988001472777
    377.31 0.05639438132299384732
    377.58 0.05678490653725046244
    377.84 0.05727861720191895073
    378.10 0.05760633934227910730
    378.37 0.05779499977626405272
    378.63 0.05813170275619140154
    378.89 0.05857829541466906542
    379.15 0.05891724360448822445
    379.42 0.05925617609353889953
    379.68 0.05956595225553314860
    379.94 0.06004843687074264136
    380.20 0.06062289658767348183
    380.47 0.06090127121271950161
    380.73 0.06114150867114190313
    380.99 0.06148268637008438148
    381.26 0.06195845105638695532
    381.52 0.06227719235717991964
    381.78 0.06254658614265876104
    382.05 0.06295281212538947346
    382.31 0.06344201666950588514
    382.57 0.06387739897929303745
    382.83 0.06435988359450252327
    383.10 0.06471002643224373074
    383.36 0.06519923097636012854
    383.62 0.06566376961320372074
    383.89 0.06613727338884602125
    384.15 0.06668703579696708128
    384.41 0.06726372502302124801
    384.68 0.06785162459776593324
    384.94 0.06845073452120113700
    385.20 0.06901844290768810453
    385.46 0.06957492524471610429
    385.73 0.07007758534741483081
    385.99 0.07067445006095823823
    386.25 0.07122870288886289092
    386.52 0.07175604459960292780
    386.78 0.07225645949240984411
    387.04 0.07304171772687413633
    387.31 0.07373054184137042832
    387.57 0.07437675407022796559
    387.83 0.07501174024962650733
    388.09 0.07569159922532409102
    388.36 0.07631537505603211424
    388.62 0.07708494822279075842
    388.88 0.07763020451035976266
    389.15 0.07820912324553724870
    389.41 0.07887775617177582299
    389.67 0.07957554542507082329
    389.94 0.08023745842240248560
    390.20 0.08098682470013494894
    390.46 0.08156798864520423131
    390.72 0.08213119091113914305
    390.99 0.08268319852915201329
    391.25 0.08330920386898336971
    391.51 0.08373334442854306336
    391.77 0.08420508971811624388
    392.04 0.08476235709356794157
    392.30 0.08525036837928032241
    392.56 0.08573731201273646074
    392.83 0.08632070546692907631
    393.09 0.08669242116055370095
    393.35 0.08720660562731241683
    393.62 0.08788541265152223503
    393.88 0.08826356566022124095
    394.14 0.08880214912118873649
    394.40 0.08939719254558914363
    394.67 0.08995555897483401009
    394.93 0.09055231378299810618
    395.19 0.09124269227357333090
    395.46 0.09177259320957463495
    395.72 0.09241466043555501830
    395.98 0.09311411397030827652
    396.25 0.09374702764826824131
    396.51 0.09428179582249653079
    396.77 0.09491448968969785904
    397.03 0.09534279095290319750
    397.30 0.09577095090919224285
    397.56 0.09635275858576898556
    397.82 0.09691285209954600410
    398.09 0.09753815090479603378
    398.35 0.09803798486916942556
    398.61 0.09853301439838972609
    398.88 0.09909580844434430491
    399.14 0.09980647232778808164
    399.40 0.10027661613897692616
    399.66 0.10079582485164735595
    399.93 0.10121508247221160104
    400.19 0.10194194954872065617
    400.45 0.10265592629431247174
    400.72 0.10331760378011702051
    400.98 0.10382181825889467974
    401.24 0.10452975020862395605
    401.50 0.10525325732067955520
    401.77 0.10591721141791284044
    402.03 0.10661470235660683303
    402.29 0.10729572318917147966
    402.56 0.10796565927919342387
    402.82 0.10864724533942314577
    403.08 0.10936414242795114427
    403.35 0.11002143939935139783
    403.61 0.11071542906667566908
    403.87 0.11121523162951210684
    404.13 0.11184880473974799509
    404.40 0.11272120223924358973
    404.66 0.11366934024585832741
    404.93 0.11429722967790657828
    405.20 0.11499429669585177483
    405.47 0.11580574381213089297
    405.75 0.11655178152694684046
    406.02 0.11737165995589654566
    406.29 0.11804547413573157622
    406.56 0.11851155144788561024
    406.83 0.11929571062855671981
    407.10 0.11996715399235215183
    407.37 0.12064421823126132705
    407.64 0.12155899210486856288
    407.91 0.12237406609866520457
    408.19 0.12317513500698291928
    408.46 0.12400346044937168855
    408.73 0.12492559798339329669
    409.00 0.12575488117265898325
    409.27 0.12673834590834048841
    409.54 0.12746188442193304158
    409.81 0.12816151066513950529
    410.08 0.12909693104929020890
    410.35 0.13012112357839353272
    410.62 0.13097821282862689984
    410.90 0.13193679184627690737
    411.17 0.13269482494820711294
    411.44 0.13353398392084300794
    411.71 0.13438198242612983679
    411.98 0.13496353889041098895
    412.25 0.13562466684931895333
    412.52 0.13625993564255001189
    412.79 0.13704984130448263913
    413.06 0.13784643549378525207
    413.34 0.13866599990736547254
    413.61 0.13926292742398277413
    413.88 0.14015681927551942865
    414.15 0.14099703019964313078
    414.42 0.14191621598919160196
    414.69 0.14255763948366451110
    414.96 0.14328984482145479262
    415.23 0.14412203265288819898
    415.50 0.14525735522125129973
    415.78 0.14600245088995880693
    416.05 0.14692664522465051502
    416.32 0.14762848527621186268
    416.59 0.14852809220747306695
    416.86 0.14925395443479982927
    417.13 0.15021681976224326993
    417.40 0.15092010428450419735
    417.67 0.15174156849106978928
    417.94 0.15228770402167335352
    418.22 0.15303647367020378756
    418.49 0.15376519343739278312
    418.76 0.15479941875755107161
    419.03 0.15539640907724228125
    419.30 0.15620620761283160460
    419.57 0.15705307566278831066
    419.84 0.15787361352401393932
    420.11 0.15890454168279266600
    420.39 0.15983551874946519411
    420.66 0.16051843937501519832
    420.93 0.16124213489629249385
    421.20 0.16204301539538851218
    421.47 0.16292555559131841059
    421.74 0.16401864309248614937
    422.01 0.16480779511753204658
    422.28 0.16576306127303400140
    422.56 0.16648714931352315283
    422.83 0.16750350715915790500
    423.10 0.16840013094440905994
    423.37 0.16924929130656299336
    423.64 0.16982712668871577377
    423.91 0.17053129045401127506
    424.18 0.17106736179202292059
    424.45 0.17227691759373162106
    424.72 0.17316755938619415867
    425.00 0.17417090129476386906
    425.27 0.17498360447252089833
    425.54 0.17606172914133283447
    425.81 0.17696678423925460422
    426.08 0.17784783286217945020
    426.35 0.17862841226763845337
    426.62 0.17963798738129238552
    426.89 0.18040256770367626982
    427.16 0.18129784122283862380
    427.44 0.18229045950654054753
    427.71 0.18334718402792224423
    427.98 0.18447628909196958635
    428.25 0.18529194401419976646
    428.52 0.18620059458810211961
    428.79 0.18718088776855182354
    429.06 0.18834957446992239838
    429.33 0.18955173520967982803
    429.60 0.19075871608535879820
    429.88 0.19183622842420022803
    430.15 0.19305963230370309924
    430.42 0.19418240995805538529
    430.69 0.19541280067952926380
    430.96 0.19662172845049902259
    431.23 0.19747801696154018702
    431.50 0.19840470771841928199
    431.77 0.19976514790516422537
    432.04 0.20078053230315356936
    432.31 0.20176523739954452252
    432.59 0.20298382114312582547
    432.86 0.20393057748211484981
    433.13 0.20514002337844425283
    433.40 0.20630693589297727231
    433.67 0.20710908815431969265
    433.94 0.20820005605174343732
    434.21 0.20944632025014464638
    434.48 0.21037217886629461239
    434.75 0.21141273159614798471
    435.03 0.21230781670608869782
    435.30 0.21336936136339193504
    435.57 0.21463146763718349286
    435.84 0.21589446885477808769
    436.11 0.21708984686255466956
    436.39 0.21806626195319128714
    436.66 0.21954941934632990486
    436.94 0.22097454669918817349
    437.21 0.22212743842747381673
    437.49 0.22321824931721281904
    437.76 0.22436044882216760188
    438.03 0.22537010243966390521
    438.31 0.22649876788219400203
    438.58 0.22743111091572376647
    438.86 0.22862582949122442488
    439.13 0.22986039661711241133
    439.40 0.23119610809351065495
    439.68 0.23247556371646610485
    439.95 0.23372716617614849866
    440.23 0.23518049210918626213
    440.50 0.23634154823707845261
    440.78 0.23744358517627645044
    441.05 0.23841079961658723230
    441.32 0.23950065275944931731
    441.60 0.24063632074471885680
    441.87 0.24197917607077279456
    442.15 0.24335583515135147947
    442.42 0.24457010118360242301
    442.69 0.24580887611544147142
    442.97 0.24721643430837722533
    443.24 0.24838378644442751786
    443.52 0.24936469195484772809
    443.79 0.25038100269817703536
    444.07 0.25147595859079319158
    444.34 0.25281090072953621428
    444.62 0.25401753618830874570
    444.89 0.25533786091160232123
    445.16 0.25661769335300116390
    445.44 0.25795524181931084318
    445.71 0.25953514734778693196
    445.99 0.26079482000246501094
    446.26 0.26201709342663775937
    446.53 0.26303954317044048183
    446.81 0.26415891375803385310
    447.08 0.26545300249720726882
    447.36 0.26703033309965357178
    447.63 0.26794992710918236201
    447.90 0.26917595301702040844
    448.18 0.27047285219375061249
    448.45 0.27186968676181855198
    448.73 0.27321455178623715865
    449.00 0.27454016766850652953
    449.28 0.27555682382874230330
    449.55 0.27683321780184533267
    449.82 0.27809193270964643885
    450.10 0.27932558919096295291
    450.37 0.28069300051891038494
    450.65 0.28227640731875619506
    450.92 0.28355066598734679495
    451.19 0.28514448239669087926
    451.47 0.28640998003647288872
    451.74 0.28769023639862051356
    452.02 0.28908130878465843061
    452.29 0.29034770136824350484
    452.57 0.29140053209904354103
    452.84 0.29264860188581931499
    453.12 0.29378695470249793775
    453.39 0.29554333686862299668
    453.66 0.29702731070172228023
    453.94 0.29866669074117829785
    454.21 0.30031896111155159668
    454.49 0.30192802296708409759
    454.76 0.30378357118689175431
    455.03 0.30558286355325658956
    455.31 0.30702771107131837658
    455.58 0.30821173742348817459
    455.86 0.30948659272128076214
    456.13 0.31096416064084259068
    456.40 0.31248774751280200546
    456.68 0.31360612895198158867
    456.95 0.31500757954598085364
    457.23 0.31657508146736240695
    457.50 0.31843289059783030925
    457.78 0.31986473787959551762
    458.05 0.32136157064207504508
    458.32 0.32282637383686746402
    458.60 0.32451681277540123105
    458.87 0.32613542069816603419
    459.15 0.32762986694383755548
    459.42 0.32921371336520066642
    459.70 0.33058965021042951982
    459.97 0.33225776265619322292
    460.24 0.33351608504478252870
    460.52 0.33496313067043070877
    460.79 0.33629161979333077603
    461.07 0.33769470326725142817
    461.34 0.33915945935973834668
    461.62 0.34095178058490072104
    461.89 0.34233646275816970173
    462.16 0.34414371541415095246
    462.44 0.34567281325584475749
    462.71 0.34736419424048708970
    462.99 0.34923720171483790820
    463.26 0.35063089612921100047
    463.54 0.35207878959635680038
    463.81 0.35379493069288275864
    464.08 0.35522123560337659498
    464.36 0.35659119045581688656
    464.63 0.35782732765855224111
    464.91 0.35900114851121389670
    465.18 0.36056257423519594285
    465.45 0.36223949481207357026
    465.73 0.36362954664816071748
    466.00 0.36523305043165338324
    466.28 0.36710780069130483083
    466.55 0.36867596204496227985
    466.82 0.37041587410495807609
    467.10 0.37200509018913929804
    467.37 0.37334879335669080014
    467.65 0.37486058895152624126
    467.92 0.37643536032871127706
    468.20 0.37776651858225196445
    468.47 0.37934405329468851020
    468.74 0.38063817343539879667
    469.02 0.38228596908675693822
    469.29 0.38380607038811515030
    469.57 0.38500118148282769237
    469.84 0.38619709331673235386
    470.12 0.38777712445135625874
    470.39 0.38927408281998360229
    470.66 0.39082946374810317858
    470.94 0.39231497625651284844
    471.21 0.39393094645017401323
    471.49 0.39562799541223542255
    471.76 0.39747983825068317065
    472.04 0.39903567450108845538
    472.31 0.40044794292456648011
    472.58 0.40203645247416636144
    472.86 0.40368694865770204938
    473.13 0.40518849165072379215
    473.41 0.40655270002190257994
    473.68 0.40804838662828352147
    473.95 0.40957170658717889644
    474.23 0.41134897077537457832
    474.50 0.41276197713497086994
    474.78 0.41400488136891860913
    475.05 0.41542068246530322595
    475.32 0.41731395963175416108
    475.60 0.41866604700967086083
    475.87 0.42021213308285376709
    476.15 0.42136186895667609997
    476.42 0.42266423200083530487
    476.70 0.42432060027178031270
    476.97 0.42598167877326753583
    477.25 0.42736771121262528972
    477.52 0.42910393359202964048
    477.79 0.43061360958312105973
    478.07 0.43258672515726281915
    478.34 0.43470568516976060280
    478.62 0.43612968206728874865
    478.89 0.43769622624179338466
    479.16 0.43938465548196253829
    479.44 0.44086347946300230571
    479.71 0.44249012617922584001
    479.99 0.44398400719723224439
    480.26 0.44521298484954346941
    480.54 0.44662674484602643554
    480.81 0.44818410407097375447
    481.08 0.44967124945930481150
    481.36 0.45160873998977879573
    481.63 0.45312692579738311771
    481.91 0.45484163812397793158
    482.18 0.45671364074914644338
    482.45 0.45861961983729288006
    482.73 0.46018782829325577399
    483.00 0.46173953524155242345
    483.28 0.46297414946974579930
    483.55 0.46460979272630498205
    483.83 0.46632555700438760304
    484.10 0.46775741998692127455
    484.37 0.46934982332710273312
    484.65 0.47100199949286514212
    484.92 0.47263720312790707956
    485.20 0.47424862009871071589
    485.47 0.47598430865198698703
    485.75 0.47757652358294677697
    486.02 0.47948185893958578108
    486.29 0.48133781537937370132
    486.57 0.48312991679377742527
    486.84 0.48518681166849708664
    487.12 0.48692863922224671747
    487.39 0.48861509016558812846
    487.67 0.49034795258053903710
    487.94 0.49185590148709823488
    488.21 0.49354632472486364980
    488.49 0.49535704725067769560
    488.76 0.49674355071308967657
    489.04 0.49842477330052920026
    489.31 0.50022186755930764246
    489.58 0.50167869476371518278
    489.86 0.50350794419632871612
    490.13 0.50522061542302187931
    490.41 0.50672972618644818166
    490.68 0.50821029295278852267
    490.95 0.51005791228451669017
    491.23 0.51151951252254035385
    491.50 0.51348300352560760640
    491.78 0.51522396753709109873
    492.05 0.51640643951318188076
    492.33 0.51794107972614722435
    492.60 0.51988825763076973452
    492.87 0.52146698560161031111
    493.15 0.52322897294208059460
    493.42 0.52465105434585490585
    493.70 0.52618649529801242437
    493.97 0.52791668858232265737
    494.25 0.52975579809753792215
    494.52 0.53145766719552089974
    494.79 0.53310302922776553469
    495.07 0.53469069093586785169
    495.34 0.53606496349963839165
    495.62 0.53750224324729567460
    495.89 0.53922375400663991041
    496.17 0.54035067666386926710
    496.44 0.54183118062713586660
    496.71 0.54336120481416971817
    496.99 0.54472073435634305039
    497.26 0.54655726894552847384
    497.54 0.54816640930490345696
    497.81 0.54977289623440617206
    498.08 0.55170242647526379631
    498.36 0.55320101772381247152
    498.63 0.55429529848338432441
    498.91 0.55585380386443017375
    499.18 0.55709071040482072146
    499.45 0.55849081073273132425
    499.73 0.55987307498765526148
    500.00 0.56117309861731179410
    500.28 0.56260163303692900527
    500.55 0.56440777093834859635
    500.83 0.56570798297722679759
    501.10 0.56727242324875593038
    501.38 0.56847993795056306343
    501.65 0.56982133310514881952
    501.92 0.57126412382254043720
    502.20 0.57242685993265940425
    502.47 0.57374633681445530442
    502.75 0.57524926147510280217
    503.02 0.57641438410202994191
    503.29 0.57773838280514633325
    503.57 0.57892333550265617781
    503.84 0.58036548248854036292
    504.12 0.58169904295965757512
    504.39 0.58297926792026844023
    504.67 0.58445656892676611793
    504.94 0.58625171629025385478
    505.21 0.58778104964347477335
    505.49 0.58932506321521904713
    505.76 0.59064234198942866527
    506.04 0.59234293932516524084
    506.31 0.59402771028627987526
    506.58 0.59564295824459123629
    506.86 0.59671163105078173228
    507.13 0.59823727472341126088
    507.41 0.60003912631503752984
    507.68 0.60188136028317906767
    507.96 0.60370200569466869744
    508.23 0.60512220300622610036
    508.50 0.60644122456573634761
    508.78 0.60821001033895605303
    509.05 0.61003164489885952637
    509.33 0.61180016375901513648
    509.60 0.61342646505833220427
    509.88 0.61511974583595996346
    510.15 0.61725999609050874462
    510.42 0.61951864584012072967
    510.70 0.62192576205642380316
    510.97 0.62407849442190954647
    511.25 0.62588193179115148013
    511.52 0.62790857128502153284
    511.80 0.62987115164351714647
    512.07 0.63215878501173239368
    512.34 0.63423761386001031859
    512.62 0.63562304967016614032
    512.89 0.63738952743042009974
    513.17 0.63951153339200184078
    513.44 0.64127498090394030594
    513.71 0.64331381989491465134
    513.99 0.64506531912204434498
    514.26 0.64667304641225664685
    514.54 0.64883408448426505011
    514.81 0.65091239520718335854
    515.09 0.65289884073375969997
    515.36 0.65511054518563405225
    515.63 0.65681142513520318627
    515.91 0.65837157909693888591
    516.18 0.66036753928921043677
    516.46 0.66207509206538117663
    516.73 0.66363012757659423091
    517.00 0.66547708747604639168
    517.28 0.66748573388924525851
    517.55 0.66919573598529780156
    517.83 0.67076611114731010677
    518.10 0.67246217096095772803
    518.38 0.67436256057552745879
    518.65 0.67619889105472263946
    518.92 0.67795068859645335468
    519.20 0.67946301801741693094
    519.47 0.68141104376353700545
    519.75 0.68357497077694462373
    520.02 0.68522107074530758108
    520.29 0.68685319702972857936
    520.57 0.68811522479967779375
    520.84 0.68918983249635146215
    521.12 0.69045825047906972394
    521.39 0.69180614575180376935
    521.67 0.69304075997999725622
    521.94 0.69495303507630179496
    522.21 0.69667192380731080004
    522.49 0.69862448707551993987
    522.76 0.70057464812615255489
    523.04 0.70227744356947552351
    523.31 0.70393395314733675505
    523.59 0.70584580432289256713
    523.86 0.70737334778850746719
    524.13 0.70887489078152932098
    524.41 0.71037588424765452100
    524.68 0.71213798149350426847
    524.96 0.71387348163755881547
    525.23 0.71553082335614914822
    525.50 0.71701366673391830897
    525.78 0.71864216614082176982
    526.05 0.72029869141945157551
    526.33 0.72194425756168634223
    526.60 0.72305573066273720606
    526.88 0.72488388104155754288
    527.15 0.72639046398125950432
    527.42 0.72823252524094783666
    527.70 0.72954487397385670011
    527.97 0.73124344591045997710
    528.25 0.73325873374872330146
    528.52 0.73488169078435539028
    528.79 0.73591809851133160869
    529.07 0.73754535755752570481
    529.34 0.73876540147257507840
    529.62 0.74033987453515903709
    529.89 0.74158392492520541772
    530.17 0.74242110560101370886
    530.44 0.74412641316729244423
    530.72 0.74575846094787112683
    530.99 0.74711638901166010918
    531.26 0.74843837801641199814
    531.54 0.74942265919205419689
    531.81 0.75085657897525792670
    532.09 0.75265491359474590016
    532.36 0.75368356514209577934
    532.63 0.75494755550810432876
    532.91 0.75663720940821443950
    533.18 0.75794911851960589111
    533.46 0.75956194855957226419
    533.73 0.76053550611034659301
    534.00 0.76163543914656894884
    534.28 0.76307928181544837365
    534.55 0.76441615514871374959
    534.83 0.76539161249247344987
    535.10 0.76681154289096675747
    535.38 0.76818366444945640481
    535.65 0.76977842290490905430
    535.92 0.77142015805963626285
    536.20 0.77292749463622500983
    536.47 0.77431337006789791033
    536.75 0.77592059493351905886
    537.02 0.77728574535080618979
    537.29 0.77900419446029789405
    537.57 0.78027237693148887576
    537.84 0.78141316336728106062
    538.12 0.78272042505120409395
    538.39 0.78393064028518877340
    538.67 0.78465045771665298258
    538.94 0.78538159540218699384
    539.22 0.78595203572238836465
    539.49 0.78713497872153348478
    539.76 0.78788195848245790032
    540.04 0.78895367723773235369
    540.31 0.78988826548115398385
    540.59 0.79117922976740095997
    540.86 0.79266405144199780786
    541.13 0.79406512521755379108
    541.41 0.79498771807386114929
    541.68 0.79573458792940610085
    541.96 0.79640898303767471145
    542.23 0.79737806586943393850
    542.50 0.79793501922951615146
    542.78 0.79885255643837493889
    543.05 0.79917845728959202578
    543.33 0.80017306957089007202
    543.60 0.80140813912136932284
    543.88 0.80234516098390429306
    544.15 0.80292770659659939980
    544.42 0.80423986692028637258
    544.70 0.80503837660334287563
    544.97 0.80632806912734344973
    545.25 0.80705432387388198467
    545.52 0.80758127306541016566
    545.80 0.80849921849424921660
    546.07 0.80982561941494224378
    546.35 0.81074738013052038976
    546.63 0.81163591802000745190
    546.91 0.81216552064140778988
    547.19 0.81302700610681388760
    547.47 0.81448356639815733260
    547.75 0.81541262797107605387
    548.04 0.81624098481500173552
    548.32 0.81699915922384824807
    548.60 0.81801397839417244739
    548.88 0.81938741881721399718
    549.16 0.82085135846974022211
    549.44 0.82147351712129546009
    549.72 0.82225431633751311367
    550.00 0.82287857889204385486
    550.28 0.82380413919359285480
    550.56 0.82461638704906414787
    550.84 0.82538605442043355698
    551.12 0.82603518699222733268
    551.41 0.82688956000951463476
    551.69 0.82800090750441779353
    551.97 0.82898605222232590872
    552.25 0.82991776722511678699
    552.53 0.83079410561749944542
    552.81 0.83159914682024116406
    553.09 0.83210965730717689759
    553.37 0.83339076151082214228
    553.65 0.83435025117304362219
    553.93 0.83549365963717092676
    554.21 0.83625954312333816709
    554.50 0.83673665807572950026
    554.77 0.83748944712098927212
    555.06 0.83849680842628837585
    555.34 0.83898072181142901993
    555.62 0.83987726709283794246
    555.90 0.84060179475484420042
    556.18 0.84140963069437435529
    556.46 0.84259062679822860353
    556.74 0.84365818484985743986
    557.02 0.84457357105343522363
    557.30 0.84573355952907114386
    557.58 0.84644968727994385205
    557.86 0.84772331791779542698
    558.14 0.84910784308337972082
    558.43 0.85036872469723023826
    558.71 0.85127528706892552357
    558.99 0.85241745517234335239
    559.27 0.85325462014738306937
    559.55 0.85406685230208589932
    559.83 0.85449301826077872501
    560.11 0.85521033927005563058
    560.39 0.85592334256800195469
    560.67 0.85665663125881696960
    560.95 0.85725743686524735754
    561.23 0.85803335314246953480
    561.51 0.85916110794042821475
    561.80 0.86019277403532512505
    562.08 0.86080273318977595931
    562.36 0.86159034653951138694
    562.64 0.86243851775325142128
    562.92 0.86361533745269158935
    563.20 0.86460151842131904854
    563.48 0.86567380240425872984
    563.76 0.86666012467980246825
    564.04 0.86776087415598557318
    564.32 0.86898058835489699891
    564.60 0.87026469140532081159
    564.88 0.87067451286403207966
    565.17 0.87167182567750778333
    565.45 0.87213407200215420367
    565.73 0.87245592205510491546
    566.01 0.87320117473149716503
    566.29 0.87349228267977574447
    566.57 0.87401356389388473733
    566.85 0.87492488359842768286
    567.13 0.87579224115124310046
    567.41 0.87679680771975387898
    567.69 0.87801041431972892681
    567.97 0.87864549470373831674
    568.25 0.87956314181797623508
    568.53 0.88040850259415948109
    568.82 0.88134411138753188109
    569.10 0.88206548319507493972
    569.38 0.88306700381450164983
    569.66 0.88384386213783228126
    569.94 0.88490937908955957791
    570.22 0.88595563119836906463
    570.50 0.88705382144929090238
    570.78 0.88811217885059379196
    571.06 0.88868090778703157095
    571.34 0.88910875372795117322
    571.62 0.89012779640499495315
    571.90 0.89113705750327953936
    572.19 0.89222030062261392658
    572.47 0.89322676698410996554
    572.75 0.89418518899407528622
    573.03 0.89535126936787912122
    573.31 0.89647178611157130046
    573.59 0.89711061897924593289
    573.87 0.89729097370670807265
    574.15 0.89789766710131624361
    574.43 0.89824602005145137706
    574.71 0.89904171929695086973
    574.99 0.89959077517049068629
    575.27 0.90027714996510499468
    575.56 0.90096821928949311076
    575.84 0.90205256146262080552
    576.12 0.90243928709090670548
    576.40 0.90323465662026825029
    576.68 0.90342386658114981479
    576.96 0.90403553711936435189
    577.25 0.90460428175657048300
    577.53 0.90522527855125867191
    577.82 0.90598430080160274880
    578.10 0.90683022680545088967
    578.39 0.90707534720286875363
    578.67 0.90770530913635560921
    578.96 0.90832514407417674906
    579.24 0.90923743722636496400
    579.53 0.91032068034569946224
    579.81 0.91086849585852980304
    580.10 0.91155314356861194547
    580.38 0.91256821395123177698
    580.67 0.91356416079785018880
    580.96 0.91440992979401369833
    581.24 0.91486071455767403737
    581.53 0.91532920978817311486
    581.81 0.91624425057484437662
    582.10 0.91685603101843815566
    582.38 0.91738927621812449420
    582.67 0.91809124187583357468
    582.95 0.91875865014213120574
    583.24 0.91965582345427887567
    583.52 0.92039099623731079891
    583.81 0.92141352448495594807
    584.10 0.92223940060746267822
    584.38 0.92314334095082284382
    584.67 0.92365352172162062949
    584.95 0.92448005727640336637
    585.24 0.92534108741952370014
    585.52 0.92631937090160876291
    585.81 0.92653155108676787943
    586.09 0.92753800174749545526
    586.38 0.92856902411088504401
    586.66 0.92925704748618909168
    586.95 0.92998972384703360028
    587.23 0.93059129879111934791
    587.52 0.93098399071142534655
    587.80 0.93124528290037156264
    588.09 0.93140020238290555099
    588.38 0.93171506559388550528
    588.66 0.93213851531963232144
    588.95 0.93218062478067986731
    589.23 0.93223928285169910257
    589.52 0.93272316483530293141
    589.80 0.93335325237493738104
    590.09 0.93383346037871828305
    590.37 0.93417247137161130155
    590.66 0.93504546550030886998
    590.94 0.93625481719202741093
    591.23 0.93730778922974389289
    591.51 0.93810808880040630342
    591.80 0.93894814271684523543
    592.09 0.93959093217817546417
    592.37 0.94043097039384582203
    592.66 0.94035119478922890579
    592.94 0.94033576093381887606
    593.23 0.94032699990501034115
    593.51 0.94022404996612563011
    593.80 0.94046736477516890140
    594.08 0.94091507218820824576
    594.37 0.94090381473721229622
    594.65 0.94177338609838257000
    594.94 0.94241835796653072865
    595.23 0.94272836964005202187
    595.51 0.94322628811067155130
    595.80 0.94333840729834517180
    596.08 0.94349467704696798886
    596.37 0.94351034641390518765
    596.65 0.94398716305169549923
    596.94 0.94404164471830065430
    597.22 0.94460498829115191466
    597.51 0.94511463523582162072
    597.79 0.94581366484982598575
    598.08 0.94642520978189281777
    598.37 0.94720263333288845509
    598.65 0.94757467874265099983
    598.93 0.94823889975294839427
    599.22 0.94862922085721479437
    599.51 0.94901051401960867526
    599.79 0.94931330333963193091
    600.08 0.94949990697294683883
    600.36 0.94994998520202567072
    600.65 0.95029967271748105873
    600.93 0.95051628051934999863
    601.22 0.95065019237366576998
    601.50 0.95075048888267832403
    601.79 0.95111733733807590774
    602.08 0.95135707237190714203
    602.36 0.95167849850410923818
    602.64 0.95197345314066394995
    602.93 0.95221899745883065158
    603.22 0.95277645324350401790
    603.50 0.95337625400075198812
    603.79 0.95377762844602431702
    604.07 0.95413612409259374036
    604.36 0.95437497988339037303
    604.64 0.95473261198769365787
    604.93 0.95543790620831936522
    605.21 0.95594634419381652179
    605.50 0.95632542354785554650
    605.78 0.95708651829963808932
    606.07 0.95757752843212906591
    606.36 0.95785865069165809782
    606.64 0.95774711243241794634
    606.93 0.95782750036700547991
    607.21 0.95786555902978676169
    607.50 0.95779404202938711599
    607.78 0.95772962177633780279
    608.07 0.95822430588865170620
    608.35 0.95865133538961067039
    608.64 0.95917864569881372550
    608.92 0.95963340275689790193
    609.21 0.96011486682215663180
    609.50 0.96060100971642059520
    609.78 0.96115377097132015383
    610.07 0.96136849468097218541
    610.35 0.96176416974728828890
    610.64 0.96212392145533565113
    610.92 0.96230675690421663138
    611.21 0.96221641468241658757
    611.49 0.96289418545590721443
    611.78 0.96315106572891207026
    612.06 0.96346966572278880392
    612.35 0.96434328788222545281
    612.63 0.96518285507484158359
    612.92 0.96570380657281273962
    613.21 0.96658262568661412750
    613.49 0.96703609528168354981
    613.78 0.96755568081279730297
    614.06 0.96800695230028033222
    614.35 0.96789866410011426989
    614.63 0.96807894032373409399
    614.92 0.96820302349698506017
    615.20 0.96857740832125027719
    615.49 0.96871962588208870848
    615.77 0.96905972022800646037
    616.06 0.96943569082988767516
    616.34 0.97006590397567005191
    616.63 0.97057255207356118998
    616.91 0.97135294306979858003
    617.20 0.97198976623910859907
    617.49 0.97277737958884391567
    617.77 0.97308384288869009815
    618.06 0.97357372256585095194
    618.34 0.97386055990510456137
    618.63 0.97407525221321955566
    618.91 0.97459486914587034612
    619.20 0.97482265589489280888
    619.48 0.97509242649881500142
    619.77 0.97565300673641464080
    620.05 0.97637362490707102491
    620.34 0.97661802306913914062
    620.62 0.97712782702149347802
    620.91 0.97779446595013586041
    621.20 0.97850734364193459047
    621.48 0.97891846826442918683
    621.77 0.97943860332243970479
    622.05 0.98026160620431568304
    622.34 0.98134280822374841957
    622.62 0.98235703076487079777
    622.91 0.98284599979746001264
    623.19 0.98363530883019067996
    623.48 0.98435277114638375373
    623.76 0.98496398636231252688
    624.05 0.98500130708897548626
    624.34 0.98550592978773343678
    624.62 0.98579487102996254944
    624.91 0.98630748541987378619
    625.19 0.98637267501057834806
    625.48 0.98662639942912011559
    625.76 0.98736083427603360541
    626.05 0.98827413227740423807
    626.33 0.98922123403329975666
    626.62 0.99035033909734715429
    626.90 0.99111130824298188102
    627.19 0.99225937983534606701
    627.48 0.99358523122914255143
    627.76 0.99434693831089560057
    628.04 0.99516074054244585412
    628.33 0.99597837376150377686
    628.62 0.99645068427874194938
    628.90 0.99715877323615598193
    629.19 0.99762571409057609895
    629.47 0.99802388557907961708
    629.76 0.99832444538997955341
    630.04 0.99879339594276439485
    630.33 0.99880551693602637187
    630.61 0.99909047018306307297
    630.90 0.99909006196308280945
    631.18 0.99939435855687952515
    631.47 0.99968281307528594759
    631.76 0.99977540050697777385
    632.04 0.99976348362370603962
    632.33 0.99969250044943447353
    632.61 0.99985423406548634695
    632.90 1.00000000000000000000
    633.18 0.99973015089223549179
    633.47 0.99923929776742914655
    633.75 0.99905448402172036815
    634.04 0.99874750259651456918
    634.32 0.99887147586438618241
    634.61 0.99858583178353665932
    634.89 0.99821513663986283227
    635.18 0.99785681370174661442
    635.47 0.99764188588210456210
    635.75 0.99685391141469414933
    636.04 0.99588082488697404759
    636.32 0.99478891494344190427
    636.61 0.99334485246380377355
    636.89 0.99190154362105253938
    637.18 0.99060172410138613852
    637.46 0.98957638541618420103
    637.75 0.98868806733745584481
    638.03 0.98781499470491573867
    638.32 0.98631222705195309430
    638.61 0.98525350853297510856
    638.89 0.98464263873395274640
    639.18 0.98351651681591556464
    639.46 0.98212421976993657946
    639.75 0.98104251532591268958
    640.03 0.97975508371257236107
    640.32 0.97868471522338662538
    640.60 0.97762171039461531752
    640.89 0.97659285473727508453
    641.17 0.97583901374052750555
    641.46 0.97479450441701875896
    641.74 0.97380020615109008641
    642.03 0.97283394945765622186
    642.32 0.97219554051073031609
    642.60 0.97117216442158760259
    642.89 0.97001475087198141267
    643.17 0.96886248717443468337
    643.46 0.96791543252084466520
    643.74 0.96686461148840918689
    644.03 0.96610896490328712627
    644.31 0.96487618766500526934
    644.60 0.96383349963063935650
    644.88 0.96283532327489762537
    645.17 0.96210624239003372793
    645.46 0.96140027303636377276
    645.74 0.96050149824583164193
    646.02 0.95948021035889596853
    646.31 0.95909437967441313333
    646.60 0.95868072722819419607
    646.88 0.95828659083718847889
    647.17 0.95774577786709769178
    647.45 0.95713914727556337336
    647.74 0.95676719607041171844
    648.02 0.95648605811011422340
    648.31 0.95588572352673806254
    648.59 0.95520066759667543455
    648.88 0.95436378523546838704
    649.16 0.95387935372496812647
    649.45 0.95325650423959995550
    649.74 0.95276445785638974595
    650.02 0.95218114290603950156
    650.31 0.95161211565500070098
    650.59 0.95127481604587127428
    650.88 0.95117035883321299217
    651.16 0.95074094281544607732
    651.45 0.95033859492252847900
    651.73 0.94982929339476518393
    652.02 0.94952023946812069699
    652.30 0.94914131712176652567
    652.59 0.94873691242817870251
    652.88 0.94835134865676007365
    653.16 0.94801838245972946950
    653.45 0.94795137157988196286
    653.73 0.94766888335349575012
    654.02 0.94731801828040462787
    654.30 0.94715372543909159830
    654.59 0.94710467623837846229
    654.87 0.94660071297189640749
    655.16 0.94634678444336461922
    655.44 0.94600750653740739438
    655.73 0.94603955180586318807
    656.01 0.94598623199612508206
    656.30 0.94590516892849318964
    656.59 0.94575155260974252958
    656.87 0.94584370041991705502
    657.16 0.94546386742899124478
    657.44 0.94531273183165953622
    657.73 0.94508728449713974573
    658.01 0.94506271279447773281
    658.30 0.94471721738420477710
    658.58 0.94441890278319662322
    658.87 0.94438173906421840620
    659.15 0.94452146020286964490
    659.44 0.94437024610169550964
    659.72 0.94399182617993238065
    660.01 0.94378537677526619376
    660.29 0.94400319353630757213
    660.58 0.94397832351904464865
    660.87 0.94406378280184921614
    661.15 0.94378153008699017246
    661.44 0.94352892042301017561
    661.72 0.94358476805647251151
    662.01 0.94355132541962261072
    662.29 0.94373829017061239277
    662.58 0.94404288507901024108
    662.86 0.94394097139084476300
    663.15 0.94453926487431927317
    663.43 0.94491256634555975680
    663.72 0.94526994723756752048
    664.00 0.94545334791411361763
    664.29 0.94525281769916225105
    664.58 0.94516651057486000820
    664.86 0.94525776344123157990
    665.15 0.94495296442284371086
    665.43 0.94503054191987423405
    665.72 0.94524994445853149916
    666.00 0.94522662881734753615
    666.29 0.94513075992504447242
    666.57 0.94504611708220054300
    666.86 0.94476133654361715841
    667.14 0.94462596451783331641
    667.43 0.94463320257209992814
    667.72 0.94440701730146181525
    668.00 0.94393269708585880728
    668.29 0.94377044534444731738
    668.57 0.94386881065893757370
    668.86 0.94369470483732820210
    669.14 0.94365853026676393966
    669.43 0.94370671592521093718
    669.71 0.94398223301039463351
    670.00 0.94424817262680915686
    670.28 0.94452425493965808112
    670.57 0.94430428717333569910
    670.86 0.94450086079463158040
    671.14 0.94437404568766614155
    671.42 0.94403026166115699969
    671.71 0.94355856347388922245
    672.00 0.94304957596149541210
    672.28 0.94287647498906834720
    672.57 0.94302626032031144909
    672.85 0.94317932711216545538
    673.14 0.94346655697063097623
    673.42 0.94344757474154572474
    673.71 0.94353870200176948035
    673.99 0.94405136349398610651
    674.28 0.94376851414992501965
    674.57 0.94352556045855662248
    674.85 0.94310977270782514470
    675.13 0.94257516154128162533
    675.42 0.94188026122938584006
    675.71 0.94125248170271691439
    675.99 0.94061975643397865987
    676.28 0.94047628281166228970
    676.56 0.93998794180981182222
    676.85 0.93948597254092602871
    677.13 0.93942711035991655066
    677.42 0.93939112419857384584
    677.70 0.93912075696544961012
    677.99 0.93905406010097158820
    678.27 0.93843328311704210520
    678.56 0.93785627987561848151
    678.85 0.93821606298520277001
    679.13 0.93761745548635877512
    679.42 0.93717315514007826227
    679.70 0.93720574993543059872
    679.99 0.93644002345694810074
    680.27 0.93641943974947849938
    680.56 0.93631973986966798851
    680.84 0.93491741003263395537
    681.13 0.93404889062295148872
    681.41 0.93364478424396490919
    681.70 0.93211835553291155776
    681.99 0.93162131630532662996
    682.27 0.93064141564408875418
    682.56 0.92968801788003507802
    682.84 0.92921176646990988335
    683.13 0.92875766884410160262
    683.41 0.92815102255179882107
    683.70 0.92807426149472882493
    683.98 0.92744133211600043865
    684.27 0.92675597787133690009
    684.55 0.92574828684989984851
    684.84 0.92502586309086898275
    685.12 0.92448001017409797697
    685.41 0.92341196539864633941
    685.70 0.92270979563094712717
    685.98 0.92210617958695983987
    686.27 0.92161915744966127484
    686.55 0.92092075586639587925
    686.84 0.91967497839181733266
    687.12 0.91841827318238089539
    687.41 0.91781456293378282929
    687.69 0.91674764861366131452
    687.98 0.91566148515139078601
    688.26 0.91456321639662652156
    688.55 0.91418641365401631660
    688.83 0.91385528444689723138
    689.12 0.91352878696647810131
    689.40 0.91290096033750367521
    689.69 0.91215182957129836705
    689.98 0.91158928673763928163
    690.26 0.91104282149089776954
    690.55 0.91021666275455848094
    690.83 0.90929311215137420543
    691.12 0.90830132600840152168
    691.40 0.90726766591590823907
    691.69 0.90674778207019346432
    691.97 0.90528147160162752982
    692.26 0.90427272862870267112
    692.54 0.90326546152801456824
    692.83 0.90240333233110092692
    693.12 0.90168070446207981838
    693.40 0.90105452641379535361
    693.69 0.90021729863568167307
    693.97 0.89971831251280587338
    694.26 0.89846167010644339967
    694.54 0.89767914380569346910
    694.83 0.89675138539655818715
    695.11 0.89546599488311950932
    695.40 0.89434883810388099423
    695.68 0.89324075636882049878
    695.97 0.89248010123855514575
    696.25 0.89217333962410794168
    696.54 0.89151725161188011270
    696.83 0.89126503446711191625
    697.12 0.89105145691355858162
    697.41 0.89034247301234159533
    697.70 0.88943804594515885054
    697.99 0.88903295041775820540
    698.28 0.88817853029816540289
    698.57 0.88741891141861939385
    698.86 0.88654549336917287672
    699.15 0.88541348366295780092
    699.44 0.88445195290083478135
    699.73 0.88362006338400223004
    700.02 0.88230900211410845380
    700.31 0.88113486724607736900
    700.60 0.87996129760571129008
    700.89 0.87874990481409109844
    701.18 0.87770483026291723494
    701.47 0.87689587956882542041
    701.76 0.87592524236098734391
    702.05 0.87519273870859604081
    702.34 0.87411433142595162948
    702.63 0.87324177691877125085
    702.92 0.87221548048669239606
    703.21 0.87142254457644430232
    703.50 0.87061828841212629548
    703.79 0.86980131462534437947
    704.08 0.86869880666309207129
    704.37 0.86823390690857360497
    704.66 0.86749956626627089395
    704.95 0.86661382311357226804
    705.24 0.86585491076860754411
    705.53 0.86459848817300355428
    705.82 0.86359125247385237767
    706.11 0.86264322437261686805
    706.40 0.86139016174146643134
    706.68 0.86031360714950189106
    706.98 0.85934373927931906323
    707.26 0.85837933527656506971
    707.55 0.85810351987678035179
    707.85 0.85734608340405216165
    708.13 0.85653358433628523638
    708.42 0.85582215111518633588
    708.72 0.85488329226273973571
    709.00 0.85410921297542896635
    709.29 0.85303823215627283538
    709.58 0.85194497194665197437
    709.87 0.85131709821537204785
    710.16 0.85051975038918270489
    710.45 0.84960624827782194046
    710.74 0.84870158569911202662
    711.03 0.84766101726849019116
    711.32 0.84658983233934381740
    711.61 0.84560534705371148689
    711.90 0.84404476917122706059
    712.19 0.84278041768754374807
    712.48 0.84152302164429437781
    712.77 0.84049615998455040611
    713.06 0.83964354545333219626
    713.35 0.83910813354759650196
    713.64 0.83768895678598986887
    713.93 0.83652954923878752869
    714.22 0.83560697208324863361
    714.51 0.83470055101846962753
    714.80 0.83369648687455011338
    715.09 0.83258776140798207432
    715.38 0.83101002258555534130
    715.67 0.82998824797479719972
    715.96 0.82875595746033781097
    716.25 0.82740347756320931083
    716.54 0.82613496537588027024
    716.83 0.82517977772422068661
    717.12 0.82403137641571866379
    717.41 0.82326883719323640243
    717.70 0.82227555947725861074
    717.99 0.82153839269663053724
    718.28 0.82053585152725305729
    718.57 0.81957516860662738001
    718.86 0.81788788552255686781
    719.15 0.81658213111240729454
    719.44 0.81505560819674316431
    719.73 0.81381728858718993536
    720.02 0.81202633332888485285
    720.31 0.81034977386968198854
    720.60 0.80866421787014364231
    720.89 0.80708321328787435700
    721.18 0.80601771203691563450
    721.47 0.80447013439072767582
    721.76 0.80311577040138226735
    722.05 0.80227431911654911723
    722.34 0.80087616568392938632
    722.63 0.79913268954949001621
    722.92 0.79756655359496564373
    723.21 0.79534026312917882606
    723.50 0.79377445689079251245
    723.79 0.79191790382180249352
    724.08 0.78984278035488453273
    724.37 0.78811299529055445223
    724.66 0.78708537999392380602
    724.95 0.78607115745280142782
    725.24 0.78497874508467813115
    725.53 0.78362940534124447822
    725.82 0.78254652333958485411
    726.11 0.78164040058940686961
    726.40 0.78111024844110987786
    726.69 0.78001113184484804908
    726.98 0.77884723387786214399
    727.27 0.77792238011089454019
    727.56 0.77727006028310052788
    727.85 0.77596001956315752146
    728.14 0.77485754300244225057
    728.43 0.77319604058020618975
    728.72 0.77229557010667881922
    729.00 0.77111857769878544566
    729.29 0.76980368544138388920
    729.59 0.76824585519338239870
    729.88 0.76667692450206981203
    730.16 0.76543383185890023768
    730.46 0.76458993125418528436
    730.75 0.76285069432723384697
    731.03 0.76176159482125849198
    731.32 0.76044439455089130053
    731.61 0.75932293576109077815
    731.90 0.75855273456359317841
    732.19 0.75721130800747038503
    732.48 0.75615123922240368159
    732.77 0.75518807558035927485
    733.06 0.75387803486041615741
    733.35 0.75307906985507411246
    733.64 0.75197321762913682530
    733.93 0.75087490177206728248
    734.22 0.75014476893571546690
    734.51 0.74908225083076696027
    734.80 0.74794966019611819341
    735.09 0.74687926030539564248
    735.38 0.74496218077393794310
    735.67 0.74414616473403294439
    735.96 0.74272067626349969061
    736.25 0.74103458643783315374
    736.54 0.73967367522803406654
    736.83 0.73876186879966843080
    737.12 0.73759475217514525180
    737.41 0.73640981517840387038
    737.70 0.73462171745996107664
    737.99 0.73328977416799667743
    738.28 0.73197178885920566316
    738.57 0.73035252150416496431
    738.86 0.72868152011700204618
    739.15 0.72724009536646772034
    739.44 0.72637126194141576896
    739.73 0.72490485726823894463
    740.02 0.72362453810301741175
    740.31 0.72255927236358585830
    740.60 0.72141887844700558485
    740.89 0.72015871906850481565
    741.18 0.71898301412362630725
    741.47 0.71778044516388861407
    741.76 0.71681886729945987202
    742.05 0.71537516593749683746
    742.34 0.71389844585943251776
    742.63 0.71253976415875674988
    742.92 0.71122546853055712557
    743.21 0.70950373796045440589
    743.50 0.70802007814272460706
    743.79 0.70680496426897609918
    744.08 0.70589125804762509198
    744.37 0.70486821167462032633
    744.66 0.70363204307034799001
    744.95 0.70249183756298949621
    745.24 0.70131208181984461270
    745.53 0.70000177418683751096
    745.82 0.69840580677221242301
    746.11 0.69729387834887579523
    746.40 0.69595411607421131528
    746.69 0.69496143498743534472
    746.98 0.69355112916001682155
    747.27 0.69212955018083366365
    747.56 0.69057000854906835929
    747.85 0.68928808790546247653
    748.14 0.68752270919900171364
    748.43 0.68620819376004360546
    748.72 0.68484097084131778654
    749.01 0.68358494076492570812
    749.30 0.68259585515413057077
    749.59 0.68181318754646447200
    749.88 0.68055778550081136302
    750.17 0.67949782662112390152
    750.46 0.67793917993316188397
    750.75 0.67683562001942176867
    751.04 0.67592681243783470091
    751.33 0.67482329962640019705
    751.62 0.67318319735159437567
    751.90 0.67189260988379073680
    752.20 0.67056682129306810491
    752.49 0.66933305490637229340
    752.77 0.66745386132924278133
    753.07 0.66586860183871698915
    753.36 0.66439021747919457805
    753.64 0.66304428480251964562
    753.93 0.66172636229680259490
    754.22 0.66017908296521576883
    754.51 0.65874608952735191902
    754.80 0.65788747730257657320
    755.09 0.65586988145134772488
    755.38 0.65451716604269194466
    755.67 0.65358995716045320545
    755.96 0.65257031785420727132
    756.25 0.65144595442223918180
    756.54 0.65046336892959222276
    756.83 0.64920631830324937450
    757.12 0.64854573987123809165
    757.41 0.64738378879954283640
    757.70 0.64596649613015311164
    757.99 0.64426872493274178755
    758.28 0.64314390617848782306
    758.57 0.64172435259843785271
    758.86 0.64006691667523663014
    759.15 0.63841116073426218414
    759.44 0.63696686274309699538
    759.73 0.63534709296346514318
    760.02 0.63411153668916320214
    760.31 0.63253682811505207439
    760.60 0.63118226001571653416
    760.89 0.62965769969611162793
    761.18 0.62802218204570026128
    761.47 0.62633172740639786458
    761.76 0.62482103086535567549
    762.05 0.62325049869565862792
    762.34 0.62168240014507514246
    762.63 0.62030811188053602834
    762.92 0.61942535187384750728
    763.21 0.61863236886129391312
    763.50 0.61756069720832484915
    763.80 0.61661714382610455232
    764.09 0.61582555818194517627
    764.39 0.61479463002316647735
    764.69 0.61364647992695997569
    764.98 0.61185167798037864983
    765.28 0.61034456121454860877
    765.58 0.60874317703479996489
    765.87 0.60716313019940759688
    766.17 0.60574748611070772242
    766.47 0.60460461147270860849
    766.76 0.60312360508485085564
    767.06 0.60206130679066083289
    767.35 0.60076420350394044156
    767.65 0.59947303510770333368
    767.95 0.59785307691884970183
    768.24 0.59628190101764522169
    768.54 0.59471070941567238943
    768.84 0.59329271021170137956
    769.13 0.59215036939983023423
    769.43 0.59072180357867609679
    769.73 0.58983216663539594915
    770.02 0.58894661189191899187
    770.32 0.58754176993192930301
    770.62 0.58634617211339401521
    770.91 0.58554493049662315052
    771.21 0.58374826015859337947
    771.50 0.58232826695702621933
    771.80 0.58079858818689888977
    772.10 0.57941531908279242380
    772.39 0.57841649899554337111
    772.69 0.57708019088994311208
    772.99 0.57529686620511644168
    773.28 0.57414377036684061117
    773.58 0.57328239480681375539
    773.88 0.57214584757850972530
    774.17 0.57127677864193060486
    774.47 0.56975166879542926690
    774.77 0.56855068561330723842
    775.06 0.56712654740886292437
    775.36 0.56589422549286672037
    775.66 0.56422195234345740023
    775.95 0.56266913064059920213
    776.25 0.56082001973586592669
    776.54 0.55957163593372072352
    776.84 0.55808230813857184760
    777.14 0.55707895052923372958
    777.43 0.55526979808026699637
    777.73 0.55423910543301535547
    778.03 0.55315650604518840083
    778.32 0.55205654160742900771
    778.62 0.55107340658788550591
    778.92 0.54973356580937848825
    779.21 0.54816915693938639276
    779.51 0.54707467206982451913
    779.81 0.54560504873911053192
    780.10 0.54448209837630501262
    780.40 0.54329821333105143832
    780.70 0.54163330384205654600
    780.99 0.54019963527114833735
    781.29 0.53884644883943844107
    781.59 0.53792823649753529480
    781.88 0.53669998108057392905
    782.18 0.53515570059576567097
    782.48 0.53381397572504185600
    782.77 0.53237341451677344661
    783.07 0.53133826285127516709
    783.36 0.53024107744953574706
    783.66 0.52862446352436709418
    783.96 0.52750435500065540051
    784.25 0.52604702537165681786
    784.55 0.52480498467997516165
    784.85 0.52359849052811879844
    785.14 0.52247753416290954043
    785.44 0.52140005322560512013
    785.74 0.52027492045598178194
    786.03 0.51875059564790393374
    786.33 0.51774449040408276890
    786.63 0.51627224504503366198
    786.92 0.51511093770484595034
    787.22 0.51376516203585587128
    787.51 0.51255818116017681785
    787.81 0.51165457053295471113
    788.11 0.51093578935220984594
    788.40 0.50969343464515870501
    788.70 0.50876487549683113709
    789.00 0.50762782584393595364
    789.29 0.50618750014719471331
    789.59 0.50486562104782217730
    789.89 0.50365958221825168906
    790.18 0.50255594380066936910
    790.48 0.50165082589967369131
    790.78 0.50093290826119485359
    791.07 0.50000934195724200393
    791.37 0.49937529782395201350
    791.67 0.49875709576605226081
    791.96 0.49786450707829893458
    792.26 0.49658772058598404930
    792.55 0.49534866304031249795
    792.85 0.49370188793890512624
    793.15 0.49254292001322003136
    793.45 0.49167926784176446686
    793.74 0.49072112844563176015
    794.04 0.48966927116247699336
    794.33 0.48924330931377435494
    794.63 0.48861617351861286185
    794.93 0.48802687657547394462
    795.22 0.48733271419969648175
    795.52 0.48645078633373711741
    795.82 0.48546870326568136722
    796.11 0.48458110742230275925
    796.41 0.48314268151854694588
    796.71 0.48219978756860254476
    797.00 0.48143514444314472467
    797.30 0.48064566270196096287
    797.60 0.47958873407058910665
    797.89 0.47837318057532324245
    798.19 0.47751441134286315426
    798.49 0.47625688969346602342
    798.78 0.47527289113165643863
    799.08 0.47432167577442080342
    799.37 0.47324476006478138901
    799.67 0.47226715171574074059
    799.97 0.47145000522050550806
