    350.23 0.00566789698822316515
    350.50 0.00561810004469045880
    350.76 0.00560678399832433786
    351.02 0.00558868466366031769
    351.29 0.00559775017979676198
    351.55 0.00559095104269442811
    351.81 0.00565889486730445854
    352.07 0.00568154280884113506
    352.34 0.00572908922214416475
    352.60 0.00588079397818969899
    352.86 0.00606419634310392027
    353.12 0.00611627551447517254
    353.39 0.00622270023625178838
    353.65 0.00629289459109149459
    353.91 0.00644911625640081764
    354.18 0.00658270582897789707
    354.44 0.00664611689551970492
    354.70 0.00670724573422296685
    354.96 0.00684988497413205680
    355.23 0.00701292162534814661
    355.49 0.00716687691162335751
    355.75 0.00714877757695933733
    356.02 0.00719405761122825661
    356.28 0.00726425196606796282
    356.54 0.00730274871203898373
    356.81 0.00730729731891164008
    357.07 0.00727559971004295303
    357.33 0.00716919083707077184
    357.59 0.00721673725037380240
    357.86 0.00722128585724645874
    358.12 0.00716920668587520647
    358.38 0.00706733057097124785
    358.65 0.00697677050243341017
    358.91 0.00688394405486146121
    359.17 0.00687942714559767240
    359.43 0.00679566621416216859
    359.70 0.00672095495005867443
    359.96 0.00677303412142992670
    360.22 0.00685002761337196592
    360.49 0.00706511173835043960
    360.75 0.00724851410326466002
    361.01 0.00739568610124197254
    361.27 0.00757455570808797125
    361.54 0.00777607325647064734
    361.80 0.00803871964355658448
    362.06 0.00831041569797453215
    362.33 0.00871343494593544883
    362.59 0.00917531665356551701
    362.85 0.00991569355271586586
    363.11 0.01104322504658835323
    363.38 0.01311490151822354219
    363.64 0.02005894423950003308
    363.90 0.03848205412930931490
    364.17 0.07228982036679776346
    364.43 0.12327090732281646701
    364.69 0.19032494835429344948
    364.95 0.27043838839086487003
    365.22 0.35557364890289350212
    365.48 0.43693462758051426764
    365.74 0.50543769310381436721
    366.01 0.55569878472318523510
    366.27 0.58424021513040347298
    366.53 0.58931411477723194547
    366.80 0.57202080276032918338
    367.06 0.53914813183327148227
    367.32 0.49603033410452562757
    367.58 0.44535717356986176396
    367.85 0.38904638726344437094
    368.11 0.32976054263263415711
    368.37 0.27150487029005632156
    368.63 0.21774572564876368275
    368.90 0.17040761318241426370
    369.16 0.12981657449583131059
    369.42 0.09657936521797923224
    369.69 0.07053526262308934536
    369.95 0.05141933809623717988
    370.21 0.03804522938148995059
    370.48 0.02886197247690282588
    370.74 0.02262887542494210896
    371.00 0.01862366066112146681
    371.26 0.01609465108872886602
    371.53 0.01445090818562538154
    371.79 0.01326451423208374440
    372.05 0.01234303304466215223
    372.32 0.01149852950037816811
    372.58 0.01085099489760420373
    372.84 0.01018081235329356023
    373.11 0.00951064565778735396
    373.37 0.00899670062759046728
    373.63 0.00857784842399964172
    373.89 0.00819521073854129027
    374.16 0.00785786893615629360
    374.42 0.00753862646843531537
    374.68 0.00723976556321690324
    374.95 0.00712204064387860110
    375.21 0.00692960446043680480
    375.47 0.00668507325681932073
    375.74 0.00654471624474877584
    376.00 0.00649037069434341227
    376.26 0.00642699132541047369
    376.52 0.00644510650887892764
    376.79 0.00633416487783852473
    377.05 0.00618927510769975812
    377.31 0.00615984387786518324
    377.58 0.00605796776296122375
    377.84 0.00601722048676052706
    378.10 0.00604211895852688023
    378.37 0.00605571723273154710
    378.63 0.00615081005933760736
    378.89 0.00642250611375555416
    379.15 0.00665798765004102771
    379.42 0.00683459087785291599
    379.68 0.00697497958753232929
    379.94 0.00705422360970404602
    380.20 0.00704290756333792421
    380.47 0.00703385789600591456
    380.73 0.00695461387383419782
    380.99 0.00688216898876481409
    381.26 0.00686632018433047057
    381.52 0.00685048722870056255
    381.78 0.00680294081539753199
    382.05 0.00672822955129403783
    382.31 0.00660370549485340182
    382.57 0.00648371419648098926
    382.83 0.00641353569044571682
    383.10 0.00638863721867936277
    383.36 0.00622788279530181888
    383.62 0.00609430907152917322
    383.89 0.00598110106145465815
    384.15 0.00599923209372754760
    384.41 0.00593810325502428567
    384.68 0.00576376640624650868
    384.94 0.00565282477520610577
    385.20 0.00565735753327432749
    385.46 0.00564604148690820654
    385.73 0.00575699896675304409
    385.99 0.00575473258771893280
    386.25 0.00580229484982639713
    386.52 0.00590192043450067910
    386.78 0.00583172607966097201
    387.04 0.00582494279136307365
    387.31 0.00581136036596284142
    387.57 0.00577514584783036643
    387.83 0.00583854106556774052
    388.09 0.00588608747887077021
    388.36 0.00593364974097823454
    388.62 0.00602194343048196093
    388.88 0.00611478572685834453
    389.15 0.00641817939014497924
    389.41 0.00686421229334070303
    389.67 0.00749591394048476026
    389.94 0.00836306542630542091
    390.20 0.00938418804720572708
    390.46 0.01058418027495203369
    390.72 0.01176152456116166117
    390.99 0.01278943047035986831
    391.25 0.01339395141789902384
    391.51 0.01361811690781837732
    391.77 0.01367430091953812481
    392.04 0.01347221281419581397
    392.30 0.01293335346342813948
    392.56 0.01230393404412262817
    392.83 0.01147979621353677551
    393.09 0.01082955146520453611
    393.35 0.01025630020881433853
    393.62 0.00951093093626717220
    393.88 0.00883824428085590308
    394.14 0.00829745137594723944
    394.40 0.00778255541748429369
    394.67 0.00731019765012312465
    394.93 0.00691244020523440993
    395.19 0.00653271869979197856
    395.46 0.00637145711467253500
    395.72 0.00631150108749741444
    395.98 0.00627644353208864619
    396.25 0.00617353724489645532
    396.51 0.00626286110668841482
    396.77 0.00635237515413358475
    397.03 0.00649739171470782757
    397.30 0.00669336218153848261
    397.56 0.00679349492795466338
    397.82 0.00696166659180748066
    398.09 0.00729690050320271066
    398.35 0.00739549591558876038
    398.61 0.00758644231141372867
    398.88 0.00772743327566164772
    399.14 0.00768741504446493126
    399.40 0.00777732531202096102
    399.66 0.00780694672750874806
    399.93 0.00780109851867247586
    400.19 0.00794189929726718188
    400.45 0.00801131706068960482
    400.72 0.00807512434734227076
    400.98 0.00827074614047536988
    401.24 0.00838988160340833032
    401.50 0.00852145837782224830
    401.77 0.00877654488519300467
    402.03 0.00913235054474401120
    402.29 0.00965626447293009907
    402.56 0.01044570927060917663
    402.82 0.01326670136709568251
    403.08 0.02629212053548292058
    403.35 0.05231083334566898752
    403.61 0.09100093473078793571
    403.87 0.14110138286841236721
    404.13 0.20080758533923462328
    404.40 0.26126505283785367295
    404.66 0.31446373620793455217
    404.93 0.35215376218444199852
    405.20 0.37261693018103991815
    405.47 0.37602353560137541377
    405.75 0.36319735175353229373
    406.02 0.33733237234635937707
    406.29 0.30806635044920743782
    406.56 0.28207721150809583754
    406.83 0.25915926973907577047
    407.10 0.23858977211352777603
    407.37 0.21968259218988037129
    407.64 0.20136211915758786550
    407.91 0.18200370792289025101
    408.19 0.16147284968255321003
    408.46 0.14062377914678342306
    408.73 0.12040309785803091081
    409.00 0.10104673111910532357
    409.27 0.08340530011280228306
    409.54 0.06904244788461412485
    409.81 0.05855778225270531767
    410.08 0.05101020120976460653
    410.35 0.04512796499037138170
    410.62 0.04026685139187845958
    410.90 0.03593418447963984963
    411.17 0.03178734479939391427
    411.44 0.02807626799707025472
    411.71 0.02456163712571027627
    411.98 0.02153207476286781233
    412.25 0.01904924860659688510
    412.52 0.01697853891203219417
    412.79 0.01540272398473430636
    413.06 0.01445846806534056318
    413.34 0.01382893770440401203
    413.61 0.01345146672919125645
    413.88 0.01312697830720251264
    414.15 0.01273473624625694883
    414.42 0.01249866830420740503
    414.69 0.01219931608605152699
    414.96 0.01193811194016911569
    415.23 0.01172451760280747088
    415.50 0.01145104648229287696
    415.78 0.01125949783189940205
    416.05 0.01122978132358500893
    416.32 0.01110237278473732297
    416.59 0.01106918538825180792
    416.86 0.01103698061764122294
    417.13 0.01103423877447408212
    417.40 0.01118063418103410964
    417.67 0.01123076394945993900
    417.94 0.01127197084098923233
    418.22 0.01138864973923486672
    418.49 0.01142759025173004789
    418.76 0.01150347432736168428
    419.03 0.01161742723124461162
    419.30 0.01154810456064879476
    419.57 0.01157133890794954066
    419.84 0.01156225754300866347
    420.11 0.01153098785185970379
    420.39 0.01166083710659027856
    420.66 0.01166123332670113664
    420.93 0.01157926331016671286
    421.20 0.01164178684366019845
    421.47 0.01176350566171595335
    421.74 0.01190744450358866176
    422.01 0.01201824349538915641
    422.28 0.01207851649865296362
    422.56 0.01214455846673087071
    422.83 0.01238151394182873850
    423.10 0.01254868713100219108
    423.37 0.01272316661901987805
    423.64 0.01281558099767653343
    423.91 0.01306282234685228992
    424.18 0.01318997730482902690
    424.45 0.01341850121596782283
    424.72 0.01355196399810942691
    425.00 0.01361518487899802433
    425.27 0.01367403148986274034
    425.54 0.01380394413981105191
    425.81 0.01386321866839549700
    426.08 0.01394962635017153729
    426.35 0.01407597301912212086
    426.62 0.01422433367743200852
    426.89 0.01450533298005291655
    427.16 0.01477577697892055314
    427.44 0.01498204916863353151
    427.71 0.01522475775974106368
    427.98 0.01565502110252461540
    428.25 0.01599577039786299892
    428.52 0.01636236909323379382
    428.79 0.01673316772177968828
    429.06 0.01706082590465530374
    429.33 0.01756906536525582388
    429.60 0.01803375231127077316
    429.88 0.01836274179371887028
    430.15 0.01888083921067755522
    430.42 0.01935606561164134043
    430.69 0.01986376621289109509
    430.96 0.02038232324517837493
    431.23 0.02073090184990732110
    431.50 0.02120181737606496516
    431.77 0.02169656950409186089
    432.04 0.02211881335183163780
    432.31 0.02287129873756982290
    432.59 0.02447889051775857180
    432.86 0.02734305475752422596
    433.13 0.03218088646230309741
    433.40 0.04029255815267096530
    433.67 0.05202225831452846755
    433.94 0.06727132814027181329
    434.21 0.09062436713742792749
    434.48 0.14754937385969832397
    434.75 0.24268041193324951799
    435.03 0.36736910575434905679
    435.30 0.50076560819580984152
    435.57 0.63044594636872353099
    435.84 0.75645456032072411201
    436.11 0.87406738106526216114
    436.39 0.95718662610682903047
    436.66 0.99792005045245002481
    436.94 1.00000000000000000000
    437.21 0.98286466886569889834
    437.49 0.95682230963929681966
    437.76 0.91297920722441761043
    438.03 0.85536496769490655279
    438.31 0.78934485511831287141
    438.58 0.71744333046015651423
    438.86 0.64310443401684680431
    439.13 0.56614241780041363317
    439.40 0.48902785684129967958
    439.68 0.42005240185302955558
    439.95 0.35510758311089274386
    440.23 0.29133804831038906391
    440.50 0.23204637131954705676
    440.78 0.17991900373401001345
    441.05 0.13582149631035075887
    441.32 0.10001150306225844999
    441.60 0.07332078509525179200
    441.87 0.05578802934095504484
    442.15 0.04518828554004848674
    442.42 0.03877452796634069110
    442.69 0.03445523744504466745
    442.97 0.03163812830564457362
    443.24 0.02957732411385134708
    443.52 0.02798122271687749837
    443.79 0.02685204294734383490
    444.07 0.02583829002050549994
    444.34 0.02497078986098728512
    444.62 0.02420934990074369297
    444.89 0.02367911229958830424
    445.16 0.02312136117393489426
    445.44 0.02263483457540942101
    445.71 0.02225620663747295697
    445.99 0.02201974247531255507
    446.26 0.02172688826697475803
    446.53 0.02149780964768076286
    446.81 0.02123303952080062007
    447.08 0.02105296540481761333
    447.36 0.02089591960167770310
    447.63 0.02070998142805398692
    447.90 0.02044563921889357497
    448.18 0.02029192166468488101
    448.45 0.02024248924365416175
    448.73 0.02002998847379848860
    449.00 0.01982062576722081262
    449.28 0.01975337929000589229
    449.55 0.01954880292236738787
    449.82 0.01947364789173973432
    450.10 0.01929319340445029979
    450.37 0.01910658958104034452
    450.65 0.01900989602518641380
    450.92 0.01896764311256445359
    451.19 0.01880161103731027225
    451.47 0.01877677596076165675
    451.74 0.01873244685475879828
    452.02 0.01854424230210097169
    452.29 0.01848639416591561779
    452.57 0.01844285750013447550
    452.84 0.01836139464534195312
    453.12 0.01837849550532660858
    453.39 0.01822958013886152168
    453.66 0.01804026616989328619
    453.94 0.01815670733607240711
    454.21 0.01805275502778755023
    454.49 0.01809405701214344964
    454.76 0.01817965640489333651
    455.03 0.01820515713122819457
    455.31 0.01835329590627600080
    455.58 0.01847553773487809609
    455.86 0.01853473301944036714
    456.13 0.01863217146910270752
    456.40 0.01869724666011012351
    456.68 0.01863998492968884160
    456.95 0.01862549912243584987
    457.23 0.01871490222824997995
    457.50 0.01880749094375541372
    457.78 0.01882517820950414117
    458.05 0.01892792600865199001
    458.32 0.01895374371107553732
    458.60 0.01904609469451445589
    458.87 0.01912297724482545092
    459.15 0.01905901147012844035
    459.42 0.01900344556178163585
    459.70 0.01887039484855532537
    459.97 0.01882085148589356799
    460.24 0.01879749034815734327
    460.52 0.01870385561155924262
    460.79 0.01854814110799182097
    461.07 0.01857387956639319423
    461.34 0.01866223665111465743
    461.62 0.01875870832370650498
    461.89 0.01878116607958996848
    462.16 0.01886676547233985882
    462.44 0.01897049589736263600
    462.71 0.01907844210436494825
    462.99 0.01906286272960599007
    463.26 0.01903409714955765428
    463.54 0.01917256815390051480
    463.81 0.01933695195349352178
    464.08 0.01929395414706314843
    464.36 0.01933286296194946033
    464.63 0.01940613198484943125
    464.91 0.01964625722083416723
    465.18 0.01978103545374382266
    465.45 0.01985340109479103235
    465.73 0.01982241668212189264
    466.00 0.01993022024988429577
    466.28 0.01996264690375696219
    466.55 0.02004182753071094211
    466.82 0.02000768920595936626
    467.10 0.02009717155579567038
    467.37 0.02020364382398558492
    467.65 0.02030788141075026698
    467.92 0.02045045725544161752
    468.20 0.02069902990418985567
    468.47 0.02078634096781865545
    468.74 0.02084701019119332074
    469.02 0.02092005733083121197
    469.29 0.02089530149830476358
    469.57 0.02098361103661292720
    469.84 0.02103207668057315016
    470.12 0.02090744168250147084
    470.39 0.02098600420608251124
    470.66 0.02101443696123772228
    470.94 0.02093820421190853431
    471.21 0.02088506317064017792
    471.49 0.02088202020018878682
    471.76 0.02087747159331612701
    472.04 0.02100369147183123869
    472.31 0.02099213769339860342
    472.58 0.02096673205989035144
    472.86 0.02105995472757316023
    473.13 0.02115236910622981387
    473.41 0.02120088229660333640
    473.68 0.02130006411475345723
    473.95 0.02146138909509064108
    474.23 0.02149063013927200380
    474.50 0.02154147310389737530
    474.78 0.02157971626899744463
    475.05 0.02168888283394120389
    475.32 0.02176560689620786124
    475.60 0.02177215245243924527
    475.87 0.02177254867255010509
    476.15 0.02194769381035403116
    476.42 0.02205649585279579813
    476.70 0.02213894133346325233
    476.97 0.02207649704399193905
    477.25 0.02212838602970998089
    477.52 0.02221092660320403769
    477.79 0.02210087250521195965
    478.07 0.02206041050749108293
    478.34 0.02217399888887201798
    478.62 0.02227119960646784663
    478.89 0.02244412591165096879
    479.16 0.02240244355598864506
    479.44 0.02230107460282658438
    479.71 0.02245338161344062264
    479.99 0.02254812576634912871
    480.26 0.02248820143678287656
    480.54 0.02251983565043382332
    480.81 0.02255964784717289645
    481.08 0.02267976593598078350
    481.36 0.02281283249801152949
    481.63 0.02290415330916221667
    481.91 0.02298605993047890539
    482.18 0.02311023531322198288
    482.45 0.02312323133285814486
    482.73 0.02318256925666032503
    483.00 0.02329989795588776821
    483.28 0.02342863779430794102
    483.55 0.02350176417796800282
    483.83 0.02345852863947111080
    484.10 0.02345925768447509191
    484.37 0.02355905760599815227
    484.65 0.02364974446497146443
    484.92 0.02362080454807435198
    485.20 0.02366307330950074769
    485.47 0.02373195221357240342
    485.75 0.02390575020299941233
    486.02 0.02412037471264929026
    486.29 0.02417568704012514752
    486.57 0.02435173555978183135
    486.84 0.02454913241901158019
    487.12 0.02466977351836580068
    487.39 0.02467609719133510501
    487.67 0.02469245315751134734
    487.94 0.02471115474674387066
    488.21 0.02474199652017310472
    488.49 0.02470655859345791475
    488.76 0.02476066641179676051
    489.04 0.02484927707738917441
    489.31 0.02504505735856661641
    489.58 0.02521205621089129406
    489.86 0.02530645169010223988
    490.13 0.02549292872307672500
    490.41 0.02580687769011663288
    490.68 0.02665974940314195032
    490.95 0.02804927748311857039
    491.23 0.02996018368257177822
    491.50 0.03242091660546122384
    491.78 0.03512541998935531096
    492.05 0.03762728055975187585
    492.33 0.03967456572136261045
    492.60 0.04089322784073257111
    492.87 0.04133693096967645114
    493.15 0.04091164415148528660
    493.42 0.04000339671576636641
    493.70 0.03867036962359818308
    493.97 0.03728615089310707148
    494.25 0.03616118690555295001
    494.52 0.03499355793646157647
    494.79 0.03405765433700472938
    495.07 0.03356748251345936102
    495.34 0.03306206414004815575
    495.62 0.03303524796294524113
    495.89 0.03325851007101184031
    496.17 0.03341254460130922005
    496.44 0.03375015583336959946
    496.71 0.03393945395353339944
    496.99 0.03380966809402055628
    497.26 0.03354928808596872869
    497.54 0.03299204412205722359
    497.81 0.03232655282385914902
    498.08 0.03155590470823919913
    498.36 0.03092005067433334711
    498.63 0.03042805623827802772
    498.91 0.02985984490169795239
    499.18 0.02938748713433678161
    499.45 0.02901450137077894384
    499.73 0.02878035113406595541
    500.00 0.02862119743993628285
    500.28 0.02850079407264857409
    500.55 0.02822508827070873555
    500.83 0.02815509995032667787
    501.10 0.02810557243646935599
    501.38 0.02790982385290078152
    501.65 0.02763058376757208598
    501.92 0.02755191030236000399
    502.20 0.02729458911356400647
    502.47 0.02721485377845482556
    502.75 0.02718290258871518608
    503.02 0.02714941406494542422
    503.29 0.02720368037132861461
    503.57 0.02725869157152021813
    503.84 0.02723434780790906853
    504.12 0.02737831834739064274
    504.39 0.02755206879040434861
    504.67 0.02768668853526965942
    504.94 0.02771462997748740803
    505.21 0.02788565442613840858
    505.49 0.02795535746804064803
    505.76 0.02806460327700657786
    506.04 0.02814384729917829286
    506.31 0.02808752064821863972
    506.58 0.02808433503852733604
    506.86 0.02815161321335112043
    507.13 0.02821724311251373740
    507.41 0.02820042753100889671
    507.68 0.02816983933845061683
    507.96 0.02818196367384288858
    508.23 0.02821992156046313968
    508.50 0.02829106684356890930
    508.78 0.02852058922938706734
    509.05 0.02842002856525115834
    509.33 0.02852203147059059404
    509.60 0.02853369619065427090
    509.88 0.02856634472778902048
    510.15 0.02868670054866341926
    510.42 0.02874413661593348129
    510.70 0.02864821965149683819
    510.97 0.02879066870575271511
    511.25 0.02891262525587498522
    511.52 0.02911615560242082276
    511.80 0.02926618038519631856
    512.07 0.02934472705997292000
    512.34 0.02949072624642209289
    512.62 0.02966465102628457889
    512.89 0.02968923252196224369
    513.17 0.02981600710863255635
    513.44 0.02995943878876336161
    513.71 0.02989664582559449502
    513.99 0.02997252990122612967
    514.26 0.03002980748045184708
    514.54 0.03004980867164798800
    514.81 0.03006421523487880915
    515.09 0.03004096503877362601
    515.36 0.03006958797958204921
    515.63 0.03016832603120801065
    515.91 0.03021143477926942211
    516.18 0.03019468259298232343
    516.46 0.03011900455180833297
    516.73 0.03028774677262078413
    517.00 0.03037176128492723864
    517.28 0.03030991925002443285
    517.55 0.03038464636293235904
    517.83 0.03041580511245027887
    518.10 0.03043143203362254010
    518.38 0.03063255336189435810
    518.65 0.03068997358035998463
    518.92 0.03067076482938555990
    519.20 0.03080058238650726712
    519.47 0.03083760519366589292
    519.75 0.03097561658268015508
    520.02 0.03111164687114012506
    520.29 0.03108090019053749709
    520.57 0.03105029614917477823
    520.84 0.03122189115478541527
    521.12 0.03124474513077973858
    521.39 0.03142675280090374140
    521.67 0.03143573907301801251
    521.94 0.03150989562896629875
    522.21 0.03152805835884806007
    522.49 0.03166028493424378337
    522.76 0.03168267929490951179
    523.04 0.03178577576775491742
    523.31 0.03178122716088226107
    523.59 0.03177674194922733980
    523.86 0.03180582450536435790
    524.13 0.03197379013475953186
    524.41 0.03193350247388743179
    524.68 0.03195141162289823894
    524.96 0.03209907493381301130
    525.23 0.03216400748558052164
    525.50 0.03230496675221956882
    525.78 0.03243484770455901806
    526.05 0.03253364915140271457
    526.33 0.03280485389288319287
    526.60 0.03292598630517487579
    526.88 0.03283903976404806829
    527.15 0.03294028192677465883
    527.42 0.03303291818869339563
    527.70 0.03312528502093674970
    527.97 0.03326744879671280491
    528.25 0.03334723167823529233
    528.52 0.03361117766728484446
    528.79 0.03388605933139409582
    529.07 0.03402216886387623290
    529.34 0.03418545909596328036
    529.62 0.03431310536687747631
    529.89 0.03442230362943010658
    530.17 0.03452036018246538301
    530.44 0.03460112568986279530
    530.72 0.03470705909870195477
    530.99 0.03476283104150640346
    531.26 0.03490199939324437062
    531.54 0.03501000899546442141
    531.81 0.03515096826210346859
    532.09 0.03530907593514048121
    532.36 0.03529245053928885267
    532.63 0.03541415350854017902
    532.91 0.03563679751323382827
    533.18 0.03570539113882567617
    533.46 0.03582626997024641186
    533.73 0.03604336689338804439
    534.00 0.03615795374944834328
    534.28 0.03640638375895667578
    534.55 0.03656371484057639731
    534.83 0.03670248697220351852
    535.10 0.03709748672512064999
    535.38 0.03755130139129363859
    535.65 0.03787399889838129891
    535.92 0.03851812600820188337
    536.20 0.03938006323736364250
    536.47 0.04028086173499841743
    536.75 0.04128998681094192547
    537.02 0.04233280644511284996
    537.29 0.04343740471896884170
    537.57 0.04456943727330068411
    537.84 0.04563867686446365646
    538.12 0.04662301441027185550
    538.39 0.04742681822476844250
    538.67 0.04803225840296479476
    538.94 0.04827214590688301554
    539.22 0.04834983674622016919
    539.49 0.04830649026609223906
    539.76 0.04806660276217401828
    540.04 0.04765952622027790769
    540.31 0.04743998858125338114
    540.59 0.04710890705661995026
    540.86 0.04707920639710999611
    541.13 0.04711118928445849618
    541.41 0.04709521368958867471
    541.68 0.04699981973569836852
    541.96 0.04696601423583991047
    542.23 0.04677473501512181830
    542.50 0.04664789703323377057
    542.78 0.04633198281444399907
    543.05 0.04609314133161845212
    543.33 0.04625706551588286419
    543.60 0.04658689498496598747
    543.88 0.04721859663211003949
    544.15 0.04909560223887819014
    544.42 0.06294672826949028466
    544.70 0.11787801878913803377
    544.97 0.21540106936955136230
    545.25 0.34270914264592811094
    545.52 0.47972671652932996622
    545.80 0.61712803751450051593
    546.07 0.75241923282847811283
    546.35 0.87186507874747920521
    546.63 0.94173567421020110135
    546.91 0.96152555329681910212
    547.19 0.94102081388618996627
    547.47 0.90257464145012000767
    547.75 0.85684551545874954037
    548.04 0.80484378134596357146
    548.32 0.74833467894965921552
    548.60 0.69070303743287919662
    548.88 0.63149619909217413749
    549.16 0.57561280749493759501
    549.44 0.52248777351906317001
    549.72 0.47275576253812395811
    550.00 0.42918389656233407736
    550.28 0.39324446612842650639
    550.56 0.36412135290085895223
    550.84 0.34010396371942402949
    551.12 0.31855350434341239696
    551.41 0.29672277470978386527
    551.69 0.27130462064602833827
    551.97 0.24097035763239277317
    552.25 0.20738303241578159852
    552.53 0.17402385073900281109
    552.81 0.14303225856145285189
    553.09 0.11561366840199452377
    553.37 0.09342076188943233828
    553.65 0.07752989472812026051
    553.93 0.06718314539239912675
    554.21 0.06073079597989370498
    554.50 0.05677396761601111175
    554.77 0.05414263816219039294
    555.06 0.05238863512663717581
    555.34 0.05079854042654394913
    555.62 0.04965878950445257872
    555.90 0.04882767819991561120
    556.18 0.04816231369215301372
    556.46 0.04765134823718978480
    556.74 0.04725683979721010536
    557.02 0.04674001028460617740
    557.30 0.04651280182423542936
    557.58 0.04631830529621716597
    557.86 0.04616582394875434758
    558.14 0.04601974551828300064
    558.43 0.04577082419583721612
    558.71 0.04555057336061314743
    558.99 0.04541543060520149971
    559.27 0.04520259701045269835
    559.55 0.04496304233142759538
    559.83 0.04489316495267658275
    560.11 0.04488037496749806149
    560.39 0.04473662631127857392
    560.67 0.04459252898136152610
    560.95 0.04449382262734442872
    561.23 0.04450780127285552251
    561.51 0.04427748644681564483
    561.80 0.04402582328120270561
    562.08 0.04377417596439420189
    562.36 0.04365507219907011072
    562.64 0.04351192579741912370
    562.92 0.04339496162069367280
    563.20 0.04321453883101310928
    563.48 0.04319068638033941865
    563.76 0.04297336757393570295
    564.04 0.04275687290536257096
    564.32 0.04275506614165706237
    564.60 0.04273720453905954786
    564.88 0.04264830859498731919
    565.17 0.04262169845234205917
    565.45 0.04263066887565190172
    565.73 0.04272580924867126762
    566.01 0.04272709300183043929
    566.29 0.04259252080337843499
    566.57 0.04269190865598620349
    566.85 0.04272828166216301876
    567.13 0.04282505446203911659
    567.41 0.04304307061583795280
    567.69 0.04313293333698067084
    567.97 0.04321816820722856889
    568.25 0.04344515478433724071
    568.53 0.04334660691836448448
    568.82 0.04342764185543728644
    569.10 0.04337835207364647977
    569.38 0.04321136907012623762
    569.66 0.04323977012767257766
    569.94 0.04335272455687614462
    570.22 0.04335405585644862975
    570.50 0.04338580101173062503
    570.78 0.04342432945531050914
    571.06 0.04358804760511728049
    571.34 0.04376116409595360440
    571.62 0.04398206473215948709
    571.90 0.04421340973048758921
    572.19 0.04458149821347522079
    572.47 0.04511138714093305274
    572.75 0.04564679145233404428
    573.03 0.04611981486948145414
    573.31 0.04656589531909047924
    573.59 0.04712274306289113146
    573.87 0.04788495961455200428
    574.15 0.04858806012567278010
    574.43 0.04975800302021157057
    574.71 0.05141226952945945200
    574.99 0.05406407563860934906
    575.27 0.06057955083917676564
    575.56 0.07968666343076344361
    575.84 0.11637861094801811579
    576.12 0.16828574354713551897
    576.40 0.23206328199387848965
    576.68 0.30219939247728894172
    576.96 0.36806561316282515595
    577.25 0.42294778823753087504
    577.53 0.46477866304620807369
    577.82 0.49848057511887949866
    578.10 0.52829368189630054875
    578.39 0.55603141943065326203
    578.67 0.58400714261239206060
    578.96 0.61495646602851572471
    579.24 0.64403263509734853809
    579.53 0.66335693970490350324
    579.81 0.66421402719990840779
    580.10 0.64569164039912241293
    580.38 0.61128838703262233789
    580.67 0.56584988056816443169
    580.96 0.51746070708933822324
    581.24 0.47477387005077104076
    581.53 0.43883764107535916388
    581.81 0.40850459841966502150
    582.10 0.38150448009249110504
    582.38 0.35599741423585889999
    582.67 0.33041769745969978844
    582.95 0.30432484394236986036
    583.24 0.27784901991468841098
    583.52 0.25204505840458768517
    583.81 0.22788802540728178569
    584.10 0.20690157743467510465
    584.38 0.18854715626328427680
    584.67 0.17254227280287154356
    584.95 0.15822891639093181193
    585.24 0.14562097058014961126
    585.52 0.13324923535065685831
    585.81 0.12077838169823174042
    586.09 0.10872891605810693083
    586.38 0.09739313793046501522
    586.66 0.08717874196057508185
    586.95 0.07871452946436968690
    587.23 0.07210004678250094001
    587.52 0.06777909213673929956
    587.80 0.06487996543439147890
    588.09 0.06295799676944309475
    588.38 0.06154418832107307058
    588.66 0.06071336229501592130
    588.95 0.06007007517183036299
    589.23 0.05956945898616276130
    589.52 0.05900085142947182615
    589.80 0.05869218011430855225
    590.09 0.05827576862660061724
    590.37 0.05811734397747491537
    590.66 0.05773145728710752517
    590.94 0.05752458284282604278
    591.23 0.05741389479265659318
    591.51 0.05766419496108816933
    591.80 0.05820522559806335511
    592.09 0.05927226220540995211
    592.37 0.06072938543629904234
    592.66 0.06287060646179212786
    592.94 0.06561931216125360677
    593.23 0.06890614816647876173
    593.51 0.07278728264038293594
    593.80 0.07725960921729696507
    594.08 0.08204116181752947601
    594.37 0.08689167256585582366
    594.65 0.09110140030209723516
    594.94 0.09420939839808525895
    595.23 0.09625772958078866737
    595.51 0.09697891357776902699
    595.80 0.09629871458905588100
    596.08 0.09419602200714267959
    596.37 0.09131678555435995825
    596.65 0.08813485278568572445
    596.94 0.08513755858867157189
    597.22 0.08228876768920723173
    597.51 0.07965494997309031933
    597.79 0.07711414889019857499
    598.08 0.07491427143949397349
    598.37 0.07288632181929313725
    598.65 0.07092927975013155195
    598.93 0.06897667534621158836
    599.22 0.06722053272205974483
    599.51 0.06564283178703415877
    599.79 0.06429913844948166590
    600.08 0.06314954541983656966
    600.36 0.06184010134866669423
    600.65 0.06075512389470041907
    600.93 0.05960836780104906973
    601.22 0.05834589958622259098
    601.50 0.05704092487790319438
    601.79 0.05569539307903630804
    602.08 0.05438379357046335683
    602.36 0.05342633559697581441
    602.64 0.05243860640701866749
    602.93 0.05166813262824749425
    603.22 0.05109421572207105411
    603.50 0.05070937505279633079
    603.79 0.05057207685998161423
    604.07 0.05054099735448586844
    604.36 0.05041484087118849877
    604.64 0.05042113284654892863
    604.93 0.05047519311847447482
    605.21 0.05060398050330794373
    605.50 0.05076655753919544212
    605.78 0.05090499684592943164
    606.07 0.05108583170452529049
    606.36 0.05137038113933948408
    606.64 0.05155286427359651730
    606.93 0.05197865825352958324
    607.21 0.05248879957066222846
    607.50 0.05328673932751811643
    607.78 0.05417219618246044144
    608.07 0.05547717089077983110
    608.35 0.05720023706007720810
    608.64 0.05940696119429744043
    608.92 0.06182052807519027721
    609.21 0.06445268166684159361
    609.50 0.06688686784230352123
    609.78 0.06924819706378076978
    610.07 0.07123928236486730403
    610.35 0.07269333092769614257
    610.64 0.07371849499372719328
    610.92 0.07443597037046992271
    611.21 0.07485708895309486910
    611.49 0.07522237219769760397
    611.78 0.07566307990260338900
    612.06 0.07627497054420451228
    612.35 0.07729114833812131269
    612.63 0.07855764214927411782
    612.92 0.08029221455059082357
    613.21 0.08263404974261383262
    613.49 0.08592391286948594664
    613.78 0.09063804465565476753
    614.06 0.09713389903633246059
    614.35 0.10599063887196324973
    614.63 0.11764272743850577585
    614.92 0.13169037864410371164
    615.20 0.14760154812389617018
    615.49 0.16386232638070583056
    615.77 0.17867606124624665909
    616.06 0.19080754444931918856
    616.34 0.19903055399083832699
    616.63 0.20327888941468177930
    616.91 0.20402454396570879336
    617.20 0.20236778919416470446
    617.49 0.20002958337835713420
    617.77 0.19895400426542045325
    618.06 0.20074715384792646278
    618.34 0.20692446310827833367
    618.63 0.21763462552967893782
    618.91 0.23267485565939094450
    619.20 0.25053942198332507241
    619.48 0.26930657771979510384
    619.77 0.28689398015178146917
    620.05 0.30136824947514312401
    620.34 0.31046557416208719893
    620.62 0.31399232936883947342
    620.91 0.31168685133418883026
    621.20 0.30417489840361650044
    621.48 0.29336032405860246186
    621.77 0.28033981801958979263
    622.05 0.26635293113019314903
    622.34 0.25269920195881079295
    622.62 0.23912592131873719459
    622.91 0.22557853762510926554
    623.19 0.21278692001973747994
    623.48 0.20004765101541227557
    623.76 0.18801452549265929015
    624.05 0.17657430374379506910
    624.34 0.16622424200794716498
    624.62 0.15722326220315943623
    624.91 0.14951510107368995439
    625.19 0.14263811464397516127
    625.48 0.13681561256849494868
    625.76 0.13160664941027708230
    626.05 0.12697667477565463545
    626.33 0.12206172278849825030
    626.62 0.11674883901960436683
    626.90 0.11126139651867064662
    627.19 0.10551885166156171891
    627.48 0.09989434869987977306
    627.76 0.09431743969791418769
    628.04 0.08898648829196514898
    628.33 0.08430017115757861002
    628.62 0.08013478837614448902
    628.90 0.07671940271815237689
    629.19 0.07407666212513892845
    629.47 0.07161263265092714103
    629.76 0.06964595450866947757
    630.04 0.06821758100902428068
    630.33 0.06686983037753659043
    630.61 0.06591448029503881034
    630.90 0.06492670355866836385
    631.18 0.06381311901269809406
    631.47 0.06290826322112813562
    631.76 0.06223042570427569919
    632.04 0.06118434121639130391
    632.33 0.06045840257808064028
    632.61 0.05969548867902466083
    632.90 0.05895290879605793316
    633.18 0.05838694798970753275
    633.47 0.05770817539339347796
    633.75 0.05691573517167630714
    634.04 0.05638960241086941882
    634.32 0.05570054394047747187
    634.61 0.05496546054200819598
    634.89 0.05445861577619789257
    635.18 0.05399901629640637551
    635.47 0.05359328690288717861
    635.75 0.05311546129799616517
    636.04 0.05266461035825239362
    636.32 0.05230826583935062335
    636.61 0.05209170777555975629
    636.89 0.05168902135249196089
    637.18 0.05130557537800745777
    637.46 0.05103353064989195331
    637.75 0.05079329447227617922
    638.03 0.05056706863778036298
    638.32 0.05036447337069615421
    638.61 0.05010764349483761565
    638.89 0.04982894226885968558
    639.18 0.04963747286248838819
    639.46 0.04946782725982317580
    639.75 0.04939237110191126851
    640.03 0.04914777650307605023
    640.32 0.04889288018135850428
    640.60 0.04853607604712813217
    640.89 0.04846843334980235202
    641.17 0.04831114981459593005
    641.46 0.04807375057297390286
    641.74 0.04785479933971344829
    642.03 0.04782467076248376331
    642.32 0.04769078006262243014
    642.60 0.04767805347266165089
    642.89 0.04751760017656835727
    643.17 0.04739754548297821224
    643.46 0.04726094463755860231
    643.74 0.04713304478577345913
    644.03 0.04698728333139080143
    644.31 0.04696373200800136455
    644.60 0.04687459833186261721
    644.88 0.04677015471064029789
    645.17 0.04670054676156466106
    645.46 0.04679139210858231090
    645.74 0.04686009667580519344
    646.02 0.04692626543431857589
    646.31 0.04692255681408094570
    646.60 0.04697576125056703716
    646.88 0.04711369339555912528
    647.17 0.04719699471166603072
    647.45 0.04725813939917372641
    647.74 0.04737340775382470337
    648.02 0.04741474143578947031
    648.31 0.04745198612621017581
    648.59 0.04770816620108690731
    648.88 0.04794223719377772169
    649.16 0.04818935175251800457
    649.45 0.04845339283439416278
    649.74 0.04868911210274615153
    650.02 0.04900691232926360219
    650.31 0.04947164682169185451
    650.59 0.04968059745935423516
    650.88 0.04984418881872552942
    651.16 0.05003976306544532376
    651.45 0.05029532503694911227
    651.73 0.05044940711365979852
    652.02 0.05058212500199298772
    652.30 0.05066281126536822943
    652.59 0.05085133279411473833
    652.88 0.05095580811294593560
    653.16 0.05103904603383510596
    653.45 0.05096961242160824579
    653.73 0.05099286261771342893
    654.02 0.05089978258927053273
    654.30 0.05089762715186746389
    654.59 0.05066927757757744288
    654.87 0.05052678097690826292
    655.16 0.05036304697829706301
    655.44 0.05019286251628108514
    655.73 0.05000329496644190241
    656.01 0.04992790220374773019
    656.30 0.04965214885539458861
    656.59 0.04950567420481238878
    656.87 0.04926901985699877473
    657.16 0.04905360290712718063
    657.44 0.04868946077644370485
    657.73 0.04828425439347085180
    658.01 0.04791575384156793876
    658.30 0.04754077112865136984
    658.58 0.04715477349665294499
    658.87 0.04705568677132942329
    659.15 0.04677948965645212925
    659.44 0.04678798461562893446
    659.72 0.04663856208742193921
    660.01 0.04642194062841334401
    660.29 0.04631500874489482417
    660.58 0.04620156300275379130
    660.87 0.04590880388724260380
    661.15 0.04576072850741253611
    661.44 0.04545503676748292171
    661.72 0.04530071695870571680
    662.01 0.04518051962587565917
    662.29 0.04517297559496490783
    662.58 0.04496513437361292914
    662.86 0.04482511018643550726
    663.15 0.04467980834738145141
    663.43 0.04456216267206531551
    663.72 0.04452840471862016397
    664.00 0.04442784405448425844
    664.29 0.04420141218553080148
    664.58 0.04419451795560185720
    664.86 0.04416140980313851272
    665.15 0.04419643566093841430
    665.43 0.04420939998296570528
    665.72 0.04412386398543356042
    666.00 0.04407703076833006939
    666.29 0.04408997924155292486
    666.57 0.04403412805472629865
    666.86 0.04385760407093658442
    667.14 0.04372081303986376927
    667.43 0.04362056935181654604
    667.72 0.04360915821262382336
    668.00 0.04363347027862610888
    668.29 0.04351576120809223791
    668.57 0.04354549356521106307
    668.86 0.04360814388914002748
    669.14 0.04357665231472898637
    669.43 0.04348964237838443686
    669.71 0.04341932123310925790
    670.00 0.04335136155969479543
    670.28 0.04342556566205638124
    670.57 0.04337334385144522853
    670.86 0.04341894086180283358
    671.14 0.04340879762696484706
    671.42 0.04346281035247709368
    671.71 0.04344193747703706948
    672.00 0.04337275744568115654
    672.28 0.04336450021857086307
    672.57 0.04337654530994096425
