    350.23 0.00334090187882598796
    350.50 0.00337961009998860194
    350.76 0.00337708486654835719
    351.02 0.00341321374212557802
    351.29 0.00334885636416276016
    351.55 0.00336952720360933749
    351.81 0.00343915149703323845
    352.07 0.00335159804618359721
    352.34 0.00324084852244713390
    352.60 0.00312236096195448983
    352.86 0.00312241507409963823
    353.12 0.00311731049507399990
    353.39 0.00312252329838993460
    353.65 0.00301693246582425715
    353.91 0.00300666919562783252
    354.18 0.00308403152580791250
    354.44 0.00312016040138513376
    354.70 0.00309701844064345878
    354.96 0.00318210077019800280
    355.23 0.00323368768190586712
    355.49 0.00328529263099544772
    355.75 0.00331110412423109551
    356.02 0.00334465365422292361
    356.28 0.00343747402053364666
    356.54 0.00336793991401832665
    356.81 0.00319277890017389621
    357.07 0.00308976741319361235
    357.33 0.00311042021525847426
    357.59 0.00306410021901169262
    357.86 0.00300746284042333837
    358.12 0.00300751695256848590
    358.38 0.00315185208106020989
    358.65 0.00325755113791618327
    358.91 0.00322410983221465197
    359.17 0.00327569674392251585
    359.43 0.00334790038293180997
    359.70 0.00335825384003681469
    359.96 0.00335572860659656995
    360.22 0.00327589515512139232
    360.49 0.00327079057609575442
    360.75 0.00327600337941168869
    361.01 0.00319359058235111834
    361.27 0.00317560731278022966
    361.54 0.00325037225999320065
    361.80 0.00323496833600770599
    362.06 0.00317059292066317142
    362.33 0.00314231030613242686
    362.59 0.00316554245378268149
    362.85 0.00319909198377450960
    363.11 0.00319656675033426398
    363.38 0.00311157460768830049
    363.64 0.00304461984675837277
    363.90 0.00308590741350638076
    364.17 0.00317870974243538839
    364.43 0.00323545534531403858
    364.69 0.00332053767486858303
    364.95 0.00333604982314437406
    365.22 0.00328455309834509027
    365.48 0.00330778524599534491
    365.74 0.00334391412157256616
    366.01 0.00323574394342149513
    366.27 0.00327185478161700011
    366.53 0.00323583413033007522
    366.80 0.00325648693239493714
    367.06 0.00333384926257501799
    367.32 0.00327721188398666288
    367.58 0.00326436926820484552
    367.85 0.00323864796187777696
    368.11 0.00317427254653324326
    368.37 0.00319492534859810474
    368.63 0.00317178338785643020
    368.90 0.00313576273656950531
    369.16 0.00325434048397072904
    369.42 0.00331880608622384327
    369.69 0.00330854281602741820
    369.95 0.00329570020024560041
    370.21 0.00323648347607185258
    370.48 0.00323395824263160783
    370.74 0.00323399431739503996
    371.00 0.00326754384738686763
    371.26 0.00324440188664519309
    371.53 0.00333462486998880713
    371.79 0.00341196916278717170
    372.05 0.00349963083792710844
    372.32 0.00350224625827593372
    372.58 0.00360020727837572808
    372.84 0.00341988757336051134
    373.11 0.00343538168425458696
    373.37 0.00346635186866102105
    373.63 0.00345866794404999000
    373.89 0.00338141383816020595
    374.16 0.00337629122175285134
    374.42 0.00331707449757910394
    374.68 0.00339699813596286123
    374.95 0.00334550141116357700
    375.21 0.00326308861410300665
    375.47 0.00317553516325336542
    375.74 0.00317299189243140482
    376.00 0.00322199945855387556
    376.26 0.00324265226061873748
    376.52 0.00318601488203038279
    376.79 0.00320150899292445798
    377.05 0.00326855394076296579
    377.31 0.00334847757914672308
    377.58 0.00330728019930729604
    377.84 0.00325064282071894179
    378.10 0.00325325824106776663
    378.37 0.00332288253449166760
    378.63 0.00326622711852159664
    378.89 0.00329719730292803159
    379.15 0.00329981272327685687
    379.42 0.00339519439779125765
    379.68 0.00340296850931086923
    379.94 0.00341074262083048080
    380.20 0.00340047935063405617
    380.47 0.00349328167956306380
    380.73 0.00341086888250249302
    380.99 0.00334649346715795932
    381.26 0.00326150132451199538
    381.52 0.00324350001755939086
    381.78 0.00333888169207379208
    382.05 0.00343426336658819243
    382.31 0.00349099093208512720
    382.57 0.00361728867886081454
    382.83 0.00368947428048839237
    383.10 0.00371270642813864744
    383.36 0.00373335923020350936
    383.62 0.00351180607058543303
    383.89 0.00345773000020075608
    384.15 0.00337789654872557845
    384.41 0.00326454964202200571
    384.68 0.00323624899010954443
    384.94 0.00324918179279994231
    385.20 0.00327241394045019738
    385.46 0.00336005757820841827
    385.73 0.00336267299855724398
    385.99 0.00336786776449146241
    386.25 0.00337048318484028725
    386.52 0.00338597729573436286
    386.78 0.00346074224294733428
    387.04 0.00351746980844426863
    387.31 0.00354843999285070315
    387.57 0.00356393410374477877
    387.83 0.00348924130605867159
    388.09 0.00347897803586224696
    388.36 0.00344551869277899894
    388.62 0.00342493804024100170
    388.88 0.00335540393372568127
    389.15 0.00340955215363722246
    389.41 0.00338383084731015476
    389.67 0.00337870823090280058
    389.94 0.00341225776089462782
    390.20 0.00349216336189666970
    390.46 0.00340459187366531262
    390.72 0.00337629122175285134
    390.99 0.00331705646019738766
    391.25 0.00333770926226224958
    391.51 0.00344082897353282981
    391.77 0.00335163412094702977
    392.04 0.00333466094475223926
    392.30 0.00340273402334856064
    392.56 0.00345432093505642496
    392.83 0.00346207700919432069
    393.09 0.00340109262161240140
    393.35 0.00334680010264713172
    393.62 0.00351678438793905958
    393.88 0.00348085392356071435
    394.14 0.00353797831145540205
    394.40 0.00358126802757388965
    394.67 0.00359470587695233683
    394.93 0.00363400933171158019
    395.19 0.00373647969724038307
    395.46 0.00370280390557654318
    395.72 0.00363942054622639092
    395.98 0.00354712326398543259
    396.25 0.00350285952925427895
    396.51 0.00355762102014416581
    396.77 0.00357365625248972241
    397.03 0.00353341485388124514
    397.30 0.00349614962325591350
    397.56 0.00363860886404916966
    397.82 0.00374329782752904489
    398.09 0.00362899493959452238
    398.35 0.00352879728416193982
    398.61 0.00361019998784641244
    398.88 0.00363317961215264265
    399.14 0.00360358026875662665
    399.40 0.00343568831974375936
    399.66 0.00336314197048186072
    399.93 0.00349405728697685337
    400.19 0.00355872130042884406
    400.45 0.00352190700434641376
    400.72 0.00355597961840800657
    400.98 0.00359548148436612640
    401.24 0.00371837016599748261
    401.50 0.00376544773227633798
    401.77 0.00376649390041586783
    402.03 0.00383431445566816478
    402.29 0.00391919837402383234
    402.56 0.00392284192513047206
    402.82 0.00396862079992577228
    403.08 0.00406955798800871273
    403.35 0.00401081023575958120
    403.61 0.00403997668199441301
    403.87 0.00397094762216714144
    404.13 0.00386541090174661196
    404.40 0.00385253221120136205
    404.66 0.00388442230207531464
    404.93 0.00387832566705529399
    405.20 0.00389383781533108545
    405.47 0.00390586874893568154
    405.75 0.00391744874799737717
    406.02 0.00399226780735549656
    406.29 0.00394632659612475113
    406.56 0.00387845192872730620
    406.83 0.00383012978311004452
    407.10 0.00390447987054354717
    407.37 0.00395060145559145235
    407.64 0.00407547424921157232
    407.91 0.00413395144073496271
    408.19 0.00421851068621974159
    408.46 0.00427531040124354018
    408.73 0.00428766600771902495
    409.00 0.00427117984083056745
    409.27 0.00430970768817602167
    409.54 0.00431084404322413205
    409.81 0.00437509319689665353
    410.08 0.00451039159714864291
    410.35 0.00467528934079664872
    410.62 0.00486358156853035350
    410.90 0.00507819033618775451
    411.17 0.00515347836747049107
    411.44 0.00527591611455894682
    411.71 0.00537750264838366288
    411.98 0.00539918358120634011
    412.25 0.00549077740556037312
    412.52 0.00557990010861930848
    412.79 0.00573303747938845761
    413.06 0.00590818045585117264
    413.34 0.00607708249824013766
    413.61 0.00625049388605811163
    413.88 0.00652740377016270377
    414.15 0.00679028057129221936
    414.42 0.00703690569149558603
    414.69 0.00724491277744491752
    414.96 0.00754568611755982582
    415.23 0.00789950739730159619
    415.50 0.00823451568791354165
    415.78 0.00861149696577870327
    416.05 0.00900828328876807430
    416.32 0.00942220512438767845
    416.59 0.00987541237738480925
    416.86 0.01034223785357754957
    417.13 0.01077268193084904291
    417.40 0.01125449647124780739
    417.67 0.01171015680815832259
    417.94 0.01226357975396975310
    418.22 0.01288121577869027166
    418.49 0.01354677712663030116
    418.76 0.01421967968892875848
    419.03 0.01479826478223405899
    419.30 0.01553720219899492466
    419.57 0.01623306634821789288
    419.84 0.01688544237012350180
    420.11 0.01751687699185678834
    420.39 0.01808763386149733060
    420.66 0.01889754837531079992
    420.93 0.01987865567899116739
    421.20 0.02068380832403160507
    421.47 0.02157911180288879169
    421.74 0.02242385650079592799
    422.01 0.02332437278296904670
    422.28 0.02435483036302448986
    422.56 0.02523426094597156638
    422.83 0.02600609854698248194
    423.10 0.02689424118529840091
    423.37 0.02793550315700175576
    423.64 0.02911752885561705306
    423.91 0.03016568110713593182
    424.18 0.03118600167866696429
    424.45 0.03224959392893476939
    424.72 0.03354408270254956304
    425.00 0.03473435148460908561
    425.27 0.03583890662875401090
    425.54 0.03704037662485920590
    425.81 0.03844168277299635922
    426.08 0.03984170826703167106
    426.35 0.04127100843159211413
    426.62 0.04265196841315358617
    426.89 0.04411835343452220198
    427.16 0.04558737191362135371
    427.44 0.04701439936808558123
    427.71 0.04853850401094551154
    427.98 0.04998340651069033136
    428.25 0.05146371639074372867
    428.52 0.05301255028393634522
    428.79 0.05474765621811047284
    429.06 0.05647617850795824679
    429.33 0.05826352069958200958
    429.60 0.06002752251926522786
    429.88 0.06188667152750054051
    430.15 0.06382965828595198177
    430.42 0.06562381860786441201
    430.69 0.06748222808344936374
    430.96 0.06945558979271061750
    431.23 0.07138468776724071763
    431.50 0.07350965366982525895
    431.77 0.07563519676862470731
    432.04 0.07766651258533957547
    432.31 0.08004611220560940710
    432.59 0.08217028446339845471
    432.86 0.08455417698051669040
    433.13 0.08683502193589121010
    433.40 0.08923576136753223753
    433.67 0.09182318769993423613
    433.94 0.09436267067173501055
    434.21 0.09665754871008459814
    434.48 0.09923173560430702256
    434.75 0.10145504131200740183
    435.03 0.10401882063697966141
    435.30 0.10662688173406481562
    435.57 0.10924531432563666655
    435.84 0.11214011567986165163
    436.11 0.11513430300734198153
    436.39 0.11822217649545542495
    436.66 0.12150151679048457054
    436.94 0.12460782448271179312
    437.21 0.12761409685594188312
    437.49 0.13062839586403557357
    437.76 0.13373621869632695836
    438.03 0.13723548878661973038
    438.31 0.14052300001556625175
    438.58 0.14412077224741032255
    438.86 0.14794666324581709493
    439.13 0.15148034866042409119
    439.40 0.15544693123621594610
    439.68 0.15937098166592136850
    439.95 0.16304930884450927198
    440.23 0.16719516495717681726
    440.50 0.17117817958771200382
    440.78 0.17506932983316736419
    441.05 0.17948100284018417283
    441.32 0.18378107856652381447
    441.60 0.18815490914670035538
    441.87 0.19263992214777453382
    442.15 0.19714670626857996871
    442.42 0.20196928886846976514
    442.69 0.20699657771345486568
    442.97 0.21168272555804457102
    443.24 0.21653911021127023040
    443.52 0.22159316653072194669
    443.79 0.22690569853016440138
    444.07 0.23193691952436362724
    444.34 0.23702641929888731975
    444.62 0.24223635467112900055
    444.89 0.24765173582111632555
    445.16 0.25297463931504560186
    445.44 0.25824792197187396159
    445.71 0.26349297612631678023
    445.99 0.26915112239682026374
    446.26 0.27453526280167545037
    446.53 0.28000565796589665934
    446.81 0.28567668292694542442
    447.08 0.29107344949900182396
    447.36 0.29680639679148168586
    447.63 0.30246185549210946597
    447.90 0.30822580904375923572
    448.18 0.31402866922777045167
    448.45 0.31969336306783685542
    448.73 0.32489447816041938655
    449.00 0.33044387705655686727
    449.28 0.33537226693759292218
    449.55 0.34015814346569056559
    449.82 0.34454961460518540584
    450.10 0.34860005296857510260
    450.37 0.35232706304041461198
    450.65 0.35602319311475622010
    450.92 0.35919407463352681642
    451.19 0.36195823123198261895
    451.47 0.36449848981119714608
    451.74 0.36651919964746293434
    452.02 0.36852354957851235495
    452.29 0.36978257685967347301
    452.57 0.37066965529246809208
    452.84 0.37073837771680617781
    453.12 0.37092012237497701266
    453.39 0.37053938932171487375
    453.66 0.36949536763060897293
    453.94 0.36799135663098075932
    454.21 0.36646644030594355268
    454.49 0.36423164478609004746
    454.76 0.36165597882656697060
    455.03 0.35850854590402719824
    455.31 0.35476238013280525507
    455.58 0.35085335484206925383
    455.86 0.34645861893648388641
    456.13 0.34177952370814512761
    456.40 0.33693883157701237652
    456.68 0.33231067391463975369
    456.95 0.32708365714191300899
    457.23 0.32201233904815906861
    457.50 0.31692076497473803398
    457.78 0.31170682530375531938
    458.05 0.30609397089874085252
    458.32 0.30111740317114127352
    458.60 0.29579136117279342111
    458.87 0.29069103896924008978
    459.15 0.28578593534799945353
    459.42 0.28098918227872698994
    459.70 0.27618835276118675059
    459.97 0.27184056816020818470
    460.24 0.26715129984858160261
    460.52 0.26303087644413364332
    460.79 0.25918862554051042002
    461.07 0.25498425616155606654
    461.34 0.25099763405467767630
    461.62 0.24748176957320613956
    461.89 0.24407822386768038281
    462.16 0.24100690869598223598
    462.44 0.23789832829365883948
    462.71 0.23482329742132718176
    462.99 0.23249003583468585976
    463.26 0.23002695921183421990
    463.54 0.22758433697984856159
    463.81 0.22543366780831869400
    464.08 0.22323222340725815127
    464.36 0.22106452694738831788
    464.63 0.21889421506716966181
    464.91 0.21647332788015183347
    465.18 0.21455323055909805707
    465.45 0.21271020697011688849
    465.73 0.21068955124599617057
    466.00 0.20857676057606996944
    466.28 0.20668727269178827077
    466.55 0.20497110600841597638
    466.82 0.20337683595068067888
    467.10 0.20130331266075027208
    467.37 0.19916525161903989027
    467.65 0.19725536345603736366
    467.92 0.19583086123501339260
    468.20 0.19395666905042691086
    468.47 0.19219014199730344306
    468.74 0.19041713952414393574
    469.02 0.18884630002525776282
    469.29 0.18724183884685285939
    469.57 0.18560882449319149323
    469.84 0.18360469101072268705
    470.12 0.18200506385061770986
    470.39 0.18035121632107431466
    470.66 0.17840368414243043538
    470.94 0.17660257942855733804
    471.21 0.17474103144855379632
    471.49 0.17315038690454342962
    471.76 0.17193230447987775666
    472.04 0.17030998629357402274
    472.31 0.16860354175894665119
    472.58 0.16707590178927037017
    472.86 0.16559535742325467989
    473.13 0.16438586079228584280
    473.41 0.16270836625531276409
    473.68 0.16087953808574209646
    473.95 0.15947693324612138843
    474.23 0.15810041046046205415
    474.50 0.15684257364649425992
    474.78 0.15576886242508375391
    475.05 0.15463068560142015362
    475.32 0.15359292288176967789
    475.60 0.15260535819543497027
    475.87 0.15171694499639332143
    476.15 0.15085290030005002460
    476.42 0.15013111643330112610
    476.70 0.14915513174602809676
    476.97 0.14836587003427950671
    477.25 0.14777363064301515805
    477.52 0.14720141274545561760
    477.79 0.14677558623790343262
    478.07 0.14653935064956849499
    478.34 0.14611530984280621248
    478.62 0.14580192837287178631
    478.89 0.14550176830373520720
    479.16 0.14516302627510804801
    479.44 0.14488431265283185922
    479.71 0.14471634855429213462
    479.99 0.14475047528049886369
    480.26 0.14499001170968783825
    480.54 0.14535070523186341407
    480.81 0.14562041820066329301
    481.08 0.14605742788487943717
    481.36 0.14655590896598383321
    481.63 0.14695213613013999310
    481.91 0.14752274870072681900
    482.18 0.14825335284713483941
    482.45 0.14914068380327358265
    482.73 0.14995718196141338829
    483.00 0.15057083172477464528
    483.28 0.15162214051809386195
    483.55 0.15276161603324101002
    483.83 0.15380199417324028066
    484.10 0.15473678148067387950
    484.37 0.15563473645464331874
    484.65 0.15685330588861531864
    484.92 0.15833982062797899437
    485.20 0.15963003454212709720
    485.47 0.16084268771489623751
    485.75 0.16228299068230345181
    486.02 0.16384951924695950742
    486.29 0.16574508572887949875
    486.57 0.16749097801731982482
    486.84 0.16926282609804951806
    487.12 0.17105978221412793117
    487.39 0.17295455505125242879
    487.67 0.17469705631193011008
    487.94 0.17636021113043898190
    488.21 0.17784355129062065504
    488.49 0.17968662899174697722
    488.76 0.18167429434470905303
    489.04 0.18354008110941585907
    489.31 0.18569908355129854938
    489.58 0.18767394236324222434
    489.86 0.18993779610504024635
    490.13 0.19217706489555932969
    490.41 0.19439118957596623893
    490.68 0.19668135985768792073
    490.95 0.19894146182408900536
    491.23 0.20102587969257593170
    491.50 0.20338507903412492150
    491.78 0.20560475922810034222
    492.05 0.20777402494017946366
    492.33 0.20993944868995306763
    492.60 0.21206556898496745078
    492.87 0.21447999878933093898
    493.15 0.21683728616841801973
    493.42 0.21919985850034789943
    493.70 0.22180903791509942735
    493.97 0.22474247534096014611
    494.25 0.22722010813085666281
    494.52 0.23001610070804118235
    494.79 0.23271438478846992459
    495.07 0.23564210436432667106
    495.34 0.23851958983210425069
    495.62 0.24118782363459409512
    495.89 0.24339412009133623571
    496.17 0.24643825292878826505
    496.44 0.24946110165581539264
    496.71 0.25228988619295966700
    496.99 0.25502141316789112002
    497.26 0.25776856051538860060
    497.54 0.26075059064759231742
    497.81 0.26404221439957009654
    498.08 0.26696143836863855947
    498.36 0.26978923084978845282
    498.63 0.27277344350517984672
    498.91 0.27571380728561956097
    499.18 0.27843074201874262741
    499.45 0.28128091889060219399
    499.73 0.28373981084089572313
    500.00 0.28651257127042994988
    500.28 0.28915796974766733163
    500.55 0.29182573457823252072
    500.83 0.29459797192369702179
    501.10 0.29772513082918800054
    501.38 0.30073071778191284853
    501.65 0.30409398601406678608
    501.92 0.30693426036336407536
    502.20 0.30940328932218208458
    502.47 0.31197670060899068689
    502.75 0.31467070982995271056
    503.02 0.31714843280675780735
    503.29 0.31955209429423681033
    503.57 0.32191315148610255559
    503.84 0.32436867044601519483
    504.12 0.32713793162349658061
    504.39 0.32973578356253041566
    504.67 0.33229231186005281362
    504.94 0.33520076751223681910
    505.21 0.33779941309606625888
    505.49 0.34082727621521041739
    505.76 0.34334300395529121497
    506.04 0.34585231038748098786
    506.31 0.34818351571260669486
    506.58 0.35039585469222372938
    506.86 0.35247381517805626006
    507.13 0.35494116666037461849
    507.41 0.35681894828392257679
    507.68 0.35889665624641114983
    507.96 0.36093242729640984123
    508.23 0.36323020935321570501
    508.50 0.36545299197684633086
    508.78 0.36769532712225716509
    509.05 0.36986948096478133863
    509.33 0.37229022385274540552
    509.60 0.37496253410350310897
    509.88 0.37756319987408459848
    510.15 0.38023814358257285173
    510.42 0.38294560869029509176
    510.70 0.38518480533128729437
    510.97 0.38701751153792685045
    511.25 0.38876203298535677577
    511.52 0.39081587749183493985
    511.80 0.39281064957319311581
    512.07 0.39451644476207869960
    512.34 0.39600111968850743027
    512.62 0.39770242356934565331
    512.89 0.40000298338293577283
    513.17 0.40218705778540386753
    513.44 0.40388334727412500413
    513.71 0.40584615711508237323
    513.99 0.40803398329294732205
    514.26 0.41027321600870297891
    514.54 0.41216068370623243355
    514.81 0.41361327013058829527
    515.09 0.41523997140064905498
    515.36 0.41703846069417332965
    515.63 0.41862012262208908586
    515.91 0.41981304289926091311
    516.18 0.42116844391093077871
    516.46 0.42289288975251071445
    516.73 0.42442729374033050238
    517.00 0.42590558343363166260
    517.28 0.42712370193306081756
    517.55 0.42856604312460194750
    517.83 0.43000277469042935685
    518.10 0.43122767524538369033
    518.38 0.43292665230398058585
    518.65 0.43462629674570102400
    518.92 0.43618818970325601292
    519.20 0.43787661489354900990
    519.47 0.43909255086979048777
    519.75 0.44024335386065538422
    520.02 0.44108382369909576726
    520.29 0.44161192216097788776
    520.57 0.44198713577543491393
    520.84 0.44277987870185464558
    521.12 0.44350629817570458302
    521.39 0.44430216156916124692
    521.67 0.44540586895636558040
    521.94 0.44666274978910236459
    522.21 0.44760884653487192919
    522.49 0.44871109289415722632
    522.76 0.44892613455897578678
    523.04 0.44966357487305425034
    523.31 0.45040317967293863610
    523.59 0.45101448457667681069
    523.86 0.45194781085619140093
    524.13 0.45285707526849677818
    524.41 0.45351408689750338787
    524.68 0.45475155950751378064
    524.96 0.45553326355632345335
    525.23 0.45631063863352111509
    525.50 0.45700576325009373280
    525.78 0.45793097270783611474
    526.05 0.45857290508572812193
    526.33 0.45938280156215988148
    526.60 0.45937179875931311024
    526.88 0.45982931694654038957
    527.15 0.46024769401544385339
    527.42 0.46060995678982868951
    527.70 0.46050337390126866444
    527.97 0.46066372622472423481
    528.25 0.46110210674995077973
    528.52 0.46224026553623270841
    528.79 0.46241106150370181460
    529.07 0.46275797446624633569
    529.34 0.46334384666176492429
    529.62 0.46362854869477082564
    529.89 0.46389510512177045687
    530.17 0.46397504679753592827
    530.44 0.46422995107594694497
    530.72 0.46483009084040288750
    530.99 0.46541143565311077213
    531.26 0.46562095787912427536
    531.54 0.46605331391885762571
    531.81 0.46664798835665366461
    532.09 0.46718694532232885042
    532.36 0.46739493437089640882
    532.63 0.46741710231302541212
    532.91 0.46711097187054090307
    533.18 0.46708869570412159256
    533.46 0.46751942837950055676
    533.73 0.46763820453810062139
    534.00 0.46756493669357007681
    534.28 0.46757216968363823906
    534.55 0.46801150619009573850
    534.83 0.46865102155883775481
    535.10 0.46877174575466318274
    535.38 0.46871485585273081620
    535.65 0.46872522734721755455
    535.92 0.46902102236997883500
    536.20 0.46900783704394444218
    536.47 0.46896909274801834577
    536.75 0.46901622442644230748
    537.02 0.46964006531047319815
    537.29 0.46967909820450665093
    537.57 0.46949190625705772284
    537.84 0.46933590094259569625
    538.12 0.46970267306240953697
    538.39 0.46978611399022790485
    538.67 0.46978871137319505591
    538.94 0.46953651270204144197
    539.22 0.46961713979831209986
    539.49 0.47014983779253183283
    539.76 0.47038125739994851582
    540.04 0.47050360496012844091
    540.31 0.47074009307180736394
    540.59 0.47076065568696368047
    540.86 0.47084388016620143391
    541.13 0.47122612835952770727
    541.41 0.47135601554526490586
    541.68 0.47146442020937828765
    541.96 0.47159513711467437869
    542.23 0.47163288935460606632
    542.50 0.47208539314971625922
    542.78 0.47235588172592996026
    543.05 0.47237393714502767805
    543.33 0.47231728172905762531
    543.60 0.47275844001106842596
    543.88 0.47305158353871745724
    544.15 0.47346043687007488554
    544.42 0.47354025228416835036
    544.70 0.47388694879813231253
    544.97 0.47419915783825511424
    545.25 0.47437769184248046450
    545.52 0.47446594875121705925
    545.80 0.47474121723358542191
    546.07 0.47477734610916266789
    546.35 0.47486594572815188364
    546.63 0.47504034917196424903
    546.91 0.47508903206521574392
    547.19 0.47551691483428359941
    547.47 0.47571648042558983827
    547.75 0.47593101704372037242
    548.04 0.47609072002143421054
    548.32 0.47633969000126064053
    548.60 0.47636569990569516131
    548.88 0.47681731986910130816
    549.16 0.47702350517949732023
    549.44 0.47705622498993016656
    549.72 0.47699549312569228254
    550.00 0.47738194402895839374
    550.28 0.47772844213172344086
    550.56 0.47810165359680989461
    550.84 0.47819593499103968393
    551.12 0.47850670104062525967
    551.41 0.47920593818022910737
    551.69 0.47990019700247932288
    551.97 0.48014496427236591503
    552.25 0.48031889874425365283
    552.53 0.48064459974590018065
    552.81 0.48136735763126170529
    553.09 0.48180997694119154229
    553.37 0.48208483056378054199
    553.65 0.48244366623563939012
    553.93 0.48313680674022324579
    554.21 0.48369432417168417571
    554.50 0.48405119376893596117
    554.77 0.48395577601965811265
    555.06 0.48466776558813523534
    555.34 0.48498210303930061604
    555.62 0.48512602330801285477
    555.90 0.48551839047248179781
    556.18 0.48606818790456829404
    556.46 0.48683665251519830930
    556.74 0.48739579331101373638
    557.02 0.48742517620582914706
    557.30 0.48796591887229423534
    557.58 0.48862798096818138571
    557.86 0.48898284841606265427
    558.14 0.48935315586269284571
    558.43 0.48980526283540526400
    558.71 0.49048352250007348774
    558.99 0.49113937973665028336
    559.27 0.49155770269340859357
    559.55 0.49194399126023918845
    559.83 0.49250060682261431744
    560.11 0.49286288763438096394
    560.39 0.49324484722959976990
    560.67 0.49355296178407309649
    560.95 0.49397409857237911668
    561.23 0.49433928340260196999
    561.51 0.49446040442082517252
    561.80 0.49473255243615671395
    562.08 0.49526817248621440859
    562.36 0.49551436470925663835
    562.64 0.49591971878856105915
    562.92 0.49619372465420935603
    563.20 0.49667178741921119700
    563.48 0.49737069988594417858
    563.76 0.49798516133148273966
    564.04 0.49837843036503748362
    564.32 0.49868957519963907909
    564.60 0.49904013171329020260
    564.88 0.49913542320089604454
    565.17 0.49961426157331167985
    565.45 0.49993447921091649366
    565.73 0.49982322464049194766
    566.01 0.50001810051255202172
    566.29 0.50029290002299586781
    566.57 0.50026557338969601663
    566.85 0.50072247830594496243
    567.13 0.50088357016205087291
    567.41 0.50130842265099040400
    567.69 0.50183551101949641637
    567.97 0.50185845456903921402
    568.25 0.50221591939988763365
    568.53 0.50254403741068409683
    568.82 0.50290456859642418408
    569.10 0.50311464998127086723
    569.38 0.50319480810561689754
    569.66 0.50342864472218362693
    569.94 0.50412353485279393084
    570.22 0.50404864364390900011
    570.50 0.50430962651995825397
    570.78 0.50454968603321703746
    571.06 0.50470094751628769014
    571.34 0.50484800628941850498
    571.62 0.50484562535503196834
    571.90 0.50488979890285456964
    572.19 0.50563687117876943145
    572.47 0.50595952386290587999
    572.75 0.50647212821389386850
    573.03 0.50664023661148738231
    573.31 0.50661018633354848451
    573.59 0.50693211752241618129
    573.87 0.50655201577751418629
    574.15 0.50649483727747435236
    574.43 0.50677382146047633693
    574.71 0.50638230205294798569
    574.99 0.50684719752929718872
    575.27 0.50704988358764024881
    575.56 0.50716667563425155141
    575.84 0.50782554511357502758
    576.12 0.50807045668251527015
    576.40 0.50819314695294781625
    576.68 0.50839413749740958171
    576.96 0.50813364163066654378
    577.25 0.50815021798446369239
    577.53 0.50796133052313330314
    577.82 0.50806831023409115833
    578.10 0.50772545568243265812
    578.39 0.50732747889225005000
    578.67 0.50725139721617185096
    578.96 0.50778377053752066228
    579.24 0.50785175342920840791
    579.53 0.50803104500346585315
    579.81 0.50786755417559159564
    580.10 0.50776207156731623105
    580.38 0.50789433968743991077
    580.67 0.50775575848371556908
    580.96 0.50720184852859784286
    581.24 0.50739385645696510885
    581.53 0.50727544104599930908
    581.81 0.50701240190843432920
    582.10 0.50731817160328462890
    582.38 0.50730525683797589309
    582.67 0.50724064693666903736
    582.95 0.50704694349442058776
    583.24 0.50646024157934299570
    583.52 0.50667016062775427354
    583.81 0.50719153114625625811
    584.10 0.50711470993752760794
    584.38 0.50720583478995717730
    584.67 0.50719313647322905592
    584.95 0.50723227759155276040
    585.24 0.50758478214242930271
    585.52 0.50753665840801087672
    585.81 0.50721003749989701515
    586.09 0.50733188001338880291
    586.38 0.50699521228365895809
    586.66 0.50699014377939677356
    586.95 0.50673361613663125969
    587.23 0.50654941839454714625
    587.52 0.50660904997850031428
    587.80 0.50637304887612766269
    588.09 0.50606955189137370343
    588.38 0.50620423702064731852
    588.66 0.50610573487909604751
    588.95 0.50617828122835795135
    589.23 0.50591931853906080274
    589.52 0.50517291364626948358
    589.80 0.50455966070530600120
    590.09 0.50392259842047726348
    590.37 0.50328088249116587072
    590.66 0.50272724309677385701
    590.94 0.50221499949342007785
    591.23 0.50165113290359508724
    591.51 0.50108142220209406226
    591.80 0.50066490298350740940
    592.09 0.49999268584171413510
    592.37 0.49899148489480205093
    592.66 0.49765514939560606678
    592.94 0.49667615246558655118
    593.23 0.49587307411944342439
    593.51 0.49468506001009837636
    593.80 0.49335171871626726237
    594.08 0.49213760451557908571
    594.37 0.49143800662834091764
    594.65 0.49094724554661101079
    594.94 0.48986437133528876187
    595.23 0.48872480563323300595
    595.51 0.48769618786611257377
    595.80 0.48668389392944522154
    596.08 0.48591420277685853923
    596.37 0.48515966302491331241
    596.65 0.48448225111718584701
    596.94 0.48416632637642936787
    597.22 0.48407395694466159863
    597.51 0.48456760400746612394
    597.79 0.48555264346036053347
    598.08 0.48668035860262887082
    598.37 0.48747420180933337397
    598.65 0.48832553015156687781
    598.93 0.48850024023086835445
    599.22 0.48845931341175469198
    599.51 0.48808707596528083661
    599.79 0.48717146239461139867
    600.08 0.48573761680985849676
    600.36 0.48461165129361666315
    600.65 0.48368478239675644081
    600.93 0.48271592247526123876
    601.22 0.48168149667122822644
    601.50 0.48085213785992486635
    601.79 0.47984101635306902756
    602.08 0.47903243660550254290
    602.36 0.47774278185018764775
    602.64 0.47635944093423965295
    602.93 0.47585691947963087989
    603.22 0.47495530291717313887
    603.50 0.47415103410383679927
    603.79 0.47364389507950865887
    604.07 0.47312436437394167488
    604.36 0.47280899879201848668
    604.64 0.47235968761347202349
    604.93 0.47149820422533245123
    605.21 0.47073460970776570544
    605.50 0.46969690110026041108
    605.78 0.46880464593891324476
    606.07 0.46775537536972799924
    606.36 0.46659557172538684844
    606.64 0.46543154733372416043
    606.93 0.46551616069135404175
    607.21 0.46702496963451883838
    607.50 0.47038971693197340063
    607.78 0.47630325449019422779
    608.07 0.48555475383402135758
    608.35 0.49808315842634592885
    608.64 0.51343906690171292606
    608.92 0.52890534611580042323
    609.21 0.54376403612678325672
    609.50 0.55661527377706143671
    609.78 0.56591834199521473536
    610.07 0.57096628364226464925
    610.35 0.57167881433219325249
    610.64 0.56935650143625360364
    610.92 0.56489389086327068679
    611.21 0.55981182249001404383
    611.49 0.55587296336991975920
    611.78 0.55525577827974204048
    612.06 0.55950892073885660771
    612.35 0.57012395595350751076
    612.63 0.58731296745791183866
    612.92 0.61140510139362402864
    613.21 0.64115330730094222123
    613.49 0.67377638325568933730
    613.78 0.70571993692904810835
    614.06 0.73455961795671131931
    614.35 0.75734456480208056650
    614.63 0.77202877921972412611
    614.92 0.77810651106370598562
    615.20 0.77606857552790142751
    615.49 0.76705805560380047048
    615.77 0.75407925759002647492
    616.06 0.73712842971118242019
    616.34 0.71844680683239414698
    616.63 0.69946145248288982277
    616.91 0.68036529449750371423
    617.20 0.66168662974931702347
    617.49 0.64406488342016310344
    617.77 0.62720397188917353937
    618.06 0.61221525039339985685
    618.34 0.59911879453869198997
    618.63 0.58723697596874224747
    618.91 0.57761635964547819455
    619.20 0.56960835739715454107
    619.48 0.56250958348637303263
    619.77 0.55596652326888074125
    620.05 0.54925387558849436687
    620.34 0.54131362174589625624
    620.62 0.53246008115487009071
    620.91 0.52268638157298197289
    621.20 0.51207697402142648979
    621.48 0.50091863483210685715
    621.77 0.48986864619475550819
    622.05 0.47909318650712218179
    622.34 0.46959783979987596014
    622.62 0.46124833580352264661
    622.91 0.45398383442953416100
    623.19 0.44756727037001647895
    623.48 0.44251741676050460050
    623.76 0.43841773634503011792
    624.05 0.43558134003280174484
    624.34 0.43357345477493591801
    624.62 0.43206951592483455737
    624.91 0.43077657836604732466
    625.19 0.42996771002037337261
    625.48 0.42955198444658221346
    625.76 0.42941037296272954737
    626.05 0.42929502390665552625
    626.33 0.42896535468103152988
    626.62 0.42886172992307292073
    626.90 0.42872731535452501817
    627.19 0.42862688321313013873
    627.48 0.42876688937000995150
    627.76 0.42912718606978783598
    628.04 0.42973744480538650370
    628.33 0.43218565862570407221
    628.62 0.43596176645057460597
    628.90 0.44265955132842699227
    629.19 0.45424443852056745063
    629.47 0.47366234732100420679
    629.76 0.50348380303547124459
    630.04 0.54659781701866283488
    630.33 0.60217448933782402598
    630.61 0.66901794158518179678
    630.90 0.74240135162037645955
    631.18 0.81629018712863621321
    631.47 0.88375387278368144894
    631.76 0.93910121783170508181
    632.04 0.97752800172740395013
    632.33 0.99773802214590046056
    632.61 1.00000000000000000000
    632.90 0.98836583468101124605
    633.18 0.96694168202444497062
    633.47 0.94136171662050383002
    633.75 0.91683387169205921019
    634.04 0.89711605534582983257
    634.32 0.88592432896295392197
    634.61 0.88475781541261433460
    634.89 0.89244758413532188079
    635.18 0.90717622462413205486
    635.47 0.92477867095484966864
    635.75 0.94021756942349221653
    636.04 0.94966017482660070037
    636.32 0.95035246757424396424
    636.61 0.94110874234193653276
    636.89 0.92177266914234545769
    637.18 0.89444361883340017805
    637.46 0.86112696947690814397
    637.75 0.82463018542482513507
    638.03 0.78697323698076659948
    638.32 0.74749613634774303428
    638.61 0.70741808426808605592
    638.89 0.66745749161816392281
    639.18 0.62795656360389340289
    639.46 0.58981399473189399796
    639.75 0.55322327199583387625
    640.03 0.51895715290319144319
    640.32 0.48817719072433413130
    640.60 0.46119160823802574090
    640.89 0.43827998486086477969
    641.17 0.41835780497979280224
    641.46 0.40113385506700444116
    641.74 0.38581780920522984468
    642.03 0.37194293210518480919
    642.32 0.35869032663696137631
    642.60 0.34520482249602041369
    642.89 0.33089286356223246433
    643.17 0.31661201911190461900
    643.46 0.30189907114518738096
    643.74 0.28798274414195895732
    644.03 0.27481143315312966946
    644.31 0.26299187962486358927
    644.60 0.25248966823284652028
    644.88 0.24371854043888088737
    645.17 0.23644743738318430015
    645.46 0.23086457914396352198
    645.74 0.22631946558701149241
    646.02 0.22370101495805794212
    646.31 0.22291177128369105143
    646.60 0.22462775759324618563
    646.88 0.22942357271866936630
    647.17 0.23675180016226068935
    647.45 0.24595660072482494751
    647.74 0.25641651445671792553
    648.02 0.26646797167965124986
    648.31 0.27513982172465184517
    648.59 0.28134965935232197909
    648.88 0.28415791734907341892
    649.16 0.28388831260456381944
    649.45 0.28090561508923661549
    649.74 0.27590909801745905350
    650.02 0.27010392904858815388
    650.31 0.26360682807970842179
    650.59 0.25712550981983017806
    650.88 0.25103246423877134674
    651.16 0.24515449639729455789
    651.45 0.24006193026787911449
    651.73 0.23512291636901228031
    652.02 0.22997962912221134313
    652.30 0.22546673032900416134
    652.59 0.22130437001206645919
    652.88 0.21736931677951423780
    653.16 0.21387217510026393374
    653.45 0.21010248858328434141
    653.73 0.20681661875607396106
    654.02 0.20383545441819261868
    654.30 0.20051091244458305041
    654.59 0.19702946328742573789
    654.87 0.19320478079359390544
    655.16 0.18915697588793473072
    655.44 0.18494981071481439439
    655.73 0.18059309760988637161
    656.01 0.17604758723053662295
    656.30 0.17165164282037623233
    656.59 0.16727285196022778635
    656.87 0.16325446602414747654
    657.16 0.15938809914116988664
    657.44 0.15610325744471736931
    657.73 0.15287683882764305232
    658.01 0.15009141615614410292
    658.30 0.14751665206570679922
    658.58 0.14507291151605475332
    658.87 0.14279194029900818541
    659.15 0.14062287299812795127
    659.44 0.13837406243268110528
    659.72 0.13642001875923773224
    660.01 0.13445623489966770925
    660.29 0.13259481318133617411
    660.58 0.13084780257522943270
    660.87 0.12900212749113601496
    661.15 0.12743906210376945709
    661.44 0.12588304933265384578
    661.72 0.12415577162214447293
    662.01 0.12240057204473869801
    662.29 0.12065152321449805484
    662.58 0.11882426429713671689
    662.86 0.11722400582867167906
    663.15 0.11548576139007894759
    663.43 0.11374302564343895250
    663.72 0.11202767064224387894
    664.00 0.11042497712724716474
    664.29 0.10878115838193790077
    664.58 0.10765494034235204013
    664.86 0.10618177326545817640
    665.15 0.10477061870690407286
    665.43 0.10359735917580276121
    665.72 0.10241531543980575414
    666.00 0.10116637105502394867
    666.29 0.10007146591009710712
    666.57 0.09867003350028794029
    666.86 0.09763043096770245011
    667.14 0.09649393162053843120
    667.43 0.09527979938246858294
    667.72 0.09436725216669088201
    668.00 0.09335506645431378148
    668.29 0.09235487560077783320
    668.57 0.09145037305724545984
    668.86 0.09045146285781137385
    669.14 0.08974064571914580624
    669.43 0.08899828119985889185
    669.71 0.08842667657327769881
    670.00 0.08798461642218108336
    670.28 0.08759978888326944158
    670.57 0.08738068880756473533
    670.86 0.08705917247847638762
    671.14 0.08636062075937772642
    671.42 0.08561993371659042118
    671.71 0.08474513874074435238
    672.00 0.08382025395587287819
    672.28 0.08273339348319139197
    672.57 0.08170710253831234282
