    350.23 0.00757151806750833590
    350.50 0.00759962448771285375
    350.76 0.00765120494326059549
    351.02 0.00770043635258434687
    351.29 0.00770976682989362068
    351.55 0.00773084253832284109
    351.81 0.00777772490142260384
    352.07 0.00785981010408886606
    352.34 0.00794424435297911950
    352.60 0.00793716436051380807
    352.86 0.00793241698737581422
    353.12 0.00801920028249005629
    353.39 0.00804025956402260565
    353.65 0.00795807579997631631
    353.91 0.00806128599176181293
    354.18 0.00812929334398081009
    354.44 0.00825831019043684819
    354.70 0.00834509348555109026
    354.96 0.00842952773444134197
    355.23 0.00853038888000284996
    355.49 0.00869225951980140063
    355.75 0.00862650265242636410
    356.02 0.00862412075240903339
    356.28 0.00857244173548126452
    356.54 0.00866390669614681454
    356.81 0.00876008617615701458
    357.07 0.00884452042504726629
    357.33 0.00892425658148953728
    357.59 0.00906266961284153509
    357.86 0.00914710386173178853
    358.12 0.00923153811062204024
    358.38 0.00928546761239377148
    358.65 0.00929714713592703391
    358.91 0.00931822284435625432
    359.17 0.00930409571321897527
    359.43 0.00936272330743868376
    359.70 0.00945418826810423378
    359.96 0.00948231111520542527
    360.22 0.00944002828317361264
    360.49 0.00955731632540637518
    360.75 0.00966755722896717011
    361.01 0.00976606932830468948
    361.27 0.00969093270293036602
    361.54 0.00967915461801707559
    361.80 0.00970492841889427499
    362.06 0.00983394526535031482
    362.33 0.00981043837621374711
    362.59 0.00969071915327363899
    362.85 0.00965076894056914741
    363.11 0.00975632817857863266
    363.38 0.00985015861236484234
    363.64 0.01000264949416410608
    363.90 0.01020442106597713519
    364.17 0.01055873280027944117
    364.43 0.01122045747888761845
    364.69 0.01197604544507534924
    364.95 0.01280438813662006757
    365.22 0.01356467419525577735
    365.48 0.01424752386298318817
    365.74 0.01489985235669540747
    366.01 0.01532222072390672374
    366.27 0.01554746633106297848
    366.53 0.01551221421080646243
    366.80 0.01523527315982576950
    367.06 0.01505217896952795904
    367.32 0.01471891008986153139
    367.58 0.01424717889815309280
    367.85 0.01380830149978716503
    368.11 0.01333657030807872644
    368.37 0.01293054670305530951
    368.63 0.01260900662761215742
    368.90 0.01225461275882649623
    369.16 0.01214194067455835573
    369.42 0.01210200688875053519
    369.69 0.01214888925185029708
    369.95 0.01204324787935745489
    370.21 0.01195873149598384449
    370.48 0.01196807840018978934
    370.74 0.01196802911949977621
    371.00 0.01193747509169124088
    371.26 0.01191866629500265388
    371.53 0.01185290942762761736
    371.79 0.01194673986141383051
    372.05 0.01210392883566107150
    372.32 0.01227989375280355740
    372.58 0.01241127607238025864
    372.84 0.01254499101128427573
    373.11 0.01262942526017452917
    373.37 0.01273968259063199340
    373.63 0.01288044466820797984
    373.89 0.01303060293067992599
    374.16 0.01304932959288515604
    374.42 0.01310560814088087590
    374.68 0.01318301167799583104
    374.95 0.01324398831843953163
    375.21 0.01317589883173717752
    375.47 0.01312656886103339901
    375.74 0.01320867049059633140
    376.00 0.01331657877482980874
    376.26 0.01337755541527350933
    376.52 0.01340098016992671837
    376.79 0.01343380110947588711
    377.05 0.01359332270305044742
    377.31 0.01367072624016540255
    377.58 0.01373875001928106902
    377.84 0.01377390357815755535
    378.10 0.01380202642525874511
    378.37 0.01382545117991195588
    378.63 0.01385827211946112462
    378.89 0.01398260730036585478
    379.15 0.01412336937794184122
    379.42 0.01404120204079222292
    379.68 0.01407870464589269788
    379.94 0.01413030152833711153
    380.20 0.01421005411167605530
    380.47 0.01426868170589576552
    380.73 0.01432730930011547575
    380.99 0.01433665620432142060
    381.26 0.01444456448855489621
    381.52 0.01450085946344728711
    381.78 0.01469793294281233897
    382.05 0.01474952982525675090
    382.31 0.01490671879950399188
    382.57 0.01496066472817239416
    382.83 0.01504744802328663623
    383.10 0.01514597654952082664
    383.36 0.01530316552376806763
    383.62 0.01532190861286997045
    383.89 0.01554010708135425411
    384.15 0.01563393751514046554
    384.41 0.01580052267428366450
    384.68 0.01604922588988647036
    384.94 0.01616887940523989431
    385.20 0.01631903766771183872
    385.46 0.01641989881327334672
    385.73 0.01650669853528425809
    385.99 0.01662633562374101273
    386.25 0.01666385465573815700
    386.52 0.01666850346749612286
    386.78 0.01675060509705905698
    387.04 0.01689371622085903205
    387.31 0.01714948300203048004
    387.57 0.01734422386206821085
    387.83 0.01745683023874966891
    388.09 0.01770553345435247131
    388.36 0.01801996068353696814
    388.62 0.01835549647494403094
    388.88 0.01852912877275919579
    389.15 0.01858775636697890948
    389.41 0.01878484627324062892
    389.67 0.01906641970908261666
    389.94 0.01923063939510515769
    390.20 0.01927520556577427130
    390.46 0.01933383315999398153
    390.72 0.01950041831913718396
    390.99 0.01966933609760769877
    391.25 0.01972093298005211243
    391.51 0.01975845201204926016
    391.77 0.01971685910967764174
    392.04 0.01968513877220544675
    392.30 0.01966504867757650279
    392.56 0.01959930823709813905
    392.83 0.01962978013042331743
    393.09 0.01965814938097457457
    393.35 0.01969486349503483252
    393.62 0.01981924795662957581
    393.88 0.01999936887862989107
    394.14 0.02023396138999208893
    394.40 0.02038819352283850056
    394.67 0.02045914128956165257
    394.93 0.02050988397337916505
    395.19 0.02055693060544563910
    395.46 0.02059012936361824531
    395.72 0.02062771410320207721
    395.98 0.02057982969940536783
    396.25 0.02061997703486991712
    396.51 0.02067461289319851361
    396.77 0.02076939608699165593
    397.03 0.02085070922551436959
    397.30 0.02096026019941496857
    397.56 0.02109937958732382990
    397.82 0.02127291332375897195
    398.09 0.02142292374416087525
    398.35 0.02156710261624448371
    398.61 0.02169590591304379826
    398.88 0.02190452750076873553
    399.14 0.02210743252845208395
    399.40 0.02236076812891618290
    399.66 0.02247641348148182033
    399.93 0.02262486334669995547
    400.19 0.02286727506087767037
    400.45 0.02305275115119281154
    400.72 0.02312473381240625486
    400.98 0.02318234293903234308
    401.24 0.02313457352351233620
    401.50 0.02316149720715652074
    401.77 0.02322439579451076111
    402.03 0.02321360332339774193
    402.29 0.02337281280593555069
    402.56 0.02357469936602527710
    402.82 0.02376556347844859321
    403.08 0.02416495061721682380
    403.35 0.02482164866544359777
    403.61 0.02544794052793187752
    403.87 0.02627680888017007790
    404.13 0.02723908006027554035
    404.40 0.02820151550934771670
    404.66 0.02908350844542075680
    404.93 0.02970377163683068575
    405.20 0.03004283921102206614
    405.47 0.03039010380665240277
    405.75 0.03043053039936036153
    406.02 0.03017868964649335004
    406.29 0.02992813019156669030
    406.56 0.02971400559345687906
    406.83 0.02951251327888726114
    407.10 0.02925119420664093126
    407.37 0.02891337507659656747
    407.64 0.02870284796885775799
    407.91 0.02841935258610523221
    408.19 0.02814060457649070202
    408.46 0.02789244344847804577
    408.73 0.02771664280030227204
    409.00 0.02760014324910973343
    409.27 0.02751794305816676958
    409.54 0.02747380398681110655
    409.81 0.02751427986020908018
    410.08 0.02762273023203270714
    410.35 0.02784135579983044659
    410.62 0.02785750343925828820
    410.90 0.02794542019024284785
    411.17 0.02802765323497915032
    411.44 0.02801461027902217571
    411.71 0.02819755662724994505
    411.98 0.02836152990982241523
    412.25 0.02839467938730500657
    412.52 0.02864817925673581941
    412.79 0.02875258861197831778
    413.06 0.02895675851070535212
    413.34 0.02924230725554178081
    413.61 0.02943215290037147838
    413.88 0.02953465673560011148
    414.15 0.02970648207478144079
    414.42 0.02984850902340111661
    414.69 0.03013050955855655841
    414.96 0.03026800268369496047
    415.23 0.03038169323555672124
    415.50 0.03041623899925637031
    415.78 0.03044464110360096953
    416.05 0.03053999923877760703
    416.32 0.03068457235638132399
    416.59 0.03073682631469258630
    416.86 0.03083714537266394468
    417.13 0.03100970992219548306
    417.40 0.03125042966601605798
    417.67 0.03150851263961815252
    417.94 0.03169078548508239696
    418.22 0.03180137135347328725
    418.49 0.03196936922573021672
    418.76 0.03214973655118059936
    419.03 0.03220918549023387562
    419.30 0.03225764483541408018
    419.57 0.03241347037723760205
    419.84 0.03251827397800021585
    420.11 0.03260691351243830832
    420.39 0.03273077231333956782
    420.66 0.03302218546028763690
    420.93 0.03331821456520032976
    421.20 0.03347586349255436688
    421.47 0.03355653598210690119
    421.74 0.03370081341557053939
    422.01 0.03387316441544534901
    422.28 0.03406016820715091625
    422.56 0.03412960469938031843
    422.83 0.03423917210017758672
    423.10 0.03441219660281592124
    423.37 0.03466617285225019607
    423.64 0.03490840387056452776
    423.91 0.03503945765220780467
    424.18 0.03510385108715912555
    424.45 0.03511755111898295229
    424.72 0.03516624044071655492
    425.00 0.03529008281472115205
    425.27 0.03532405363703729900
    425.54 0.03546023261044201069
    425.81 0.03555779194977259916
    426.08 0.03580059790947041909
    426.35 0.03598789738531607552
    426.62 0.03622063365735441604
    426.89 0.03644428585553356054
    427.16 0.03656724117711790401
    427.44 0.03654056389692378337
    427.71 0.03678560391456889983
    427.98 0.03704922275234921042
    428.25 0.03719621062376359671
    428.52 0.03734360916759477123
    428.79 0.03737590444645045445
    429.06 0.03760681733295829360
    429.33 0.03784170552846057717
    429.60 0.03807830212121666308
    429.88 0.03817771769987110542
    430.15 0.03840716859257519572
    430.42 0.03861079640371208044
    430.69 0.03888573337329887664
    430.96 0.03919232497277118366
    431.23 0.03963125165182712628
    431.50 0.03995735840454488902
    431.77 0.04029000306213780663
    432.04 0.04067794065392617286
    432.31 0.04108150022444890387
    432.59 0.04149964687921570139
    432.86 0.04199583772006764554
    433.13 0.04237863369319790074
    433.40 0.04260059392101990527
    433.67 0.04294197768764193568
    433.94 0.04306401310301268687
    434.21 0.04311409871096334723
    434.48 0.04337929453082409181
    434.75 0.04368807090755368050
    435.03 0.04440152388377963805
    435.30 0.04552384231815314458
    435.57 0.04659523737284575889
    435.84 0.04797161419113690067
    436.11 0.04925118730734433237
    436.39 0.05029746563702659073
    436.66 0.05101619164708402765
    436.94 0.05147964368287014786
    437.21 0.05170709049418034664
    437.49 0.05176770574289728255
    437.76 0.05184463290000877050
    438.03 0.05206660955472744434
    438.31 0.05241656816141186670
    438.58 0.05298482379796060765
    438.86 0.05359895975691215952
    439.13 0.05415320325060030832
    439.40 0.05481400802299489505
    439.68 0.05535106898276492132
    439.95 0.05572873976413374869
    440.23 0.05587209729138379460
    440.50 0.05584144470219522954
    440.78 0.05539727784310115311
    441.05 0.05479055041454834046
    441.32 0.05410070288883897516
    441.60 0.05327590840697524893
    441.87 0.05229518982190796417
    442.15 0.05120717074778403932
    442.42 0.04992040265083460410
    442.69 0.04865245977747041650
    442.97 0.04725094980727225641
    443.24 0.04576242656540645271
    443.52 0.04412195452933154877
    443.79 0.04259581369408856760
    444.07 0.04104840002765632045
    444.34 0.03973457683188932194
    444.62 0.03851170936299106590
    444.89 0.03757798812930024379
    445.16 0.03693835762671490025
    445.44 0.03662647656651445149
    445.71 0.03666041453503726677
    445.99 0.03691097398996392304
    446.26 0.03756670285128708986
    446.53 0.03842047437887891742
    446.81 0.03950246478192448452
    447.08 0.04084128971442513301
    447.36 0.04227056113999771991
    447.63 0.04395623999571192375
    447.90 0.04610381033202848311
    448.18 0.04821778766465233124
    448.45 0.05088526928061411908
    448.73 0.05403175920350971467
    449.00 0.05775613092440340379
    449.28 0.06211348025473057560
    449.55 0.06669461319841024638
    449.82 0.07129526129533539369
    450.10 0.07603703286156326957
    450.37 0.08021243788435959698
    450.65 0.08377001089645337573
    450.92 0.08610082326513777973
    451.19 0.08744935649357113427
    451.47 0.08764061485151455888
    451.74 0.08687384016869370562
    452.02 0.08517595612875276945
    452.29 0.08297667392171509393
    452.57 0.08013818831140553933
    452.84 0.07715386471244857491
    453.12 0.07407935745076640877
    453.39 0.07124156177011704838
    453.66 0.06866416525550042560
    453.94 0.06649993804595920321
    454.21 0.06460923509289105693
    454.49 0.06304999406085551317
    454.76 0.06148405085497808675
    455.03 0.05992620610915958684
    455.31 0.05818434726682968766
    455.58 0.05610509639376887181
    455.86 0.05377034156988336200
    456.13 0.05121288730782563164
    456.40 0.04852708970207539330
    456.68 0.04589242902566276899
    456.95 0.04343371683949596301
    457.23 0.04104881070007310867
    457.50 0.03904502499032004581
    457.78 0.03714548436684276395
    458.05 0.03538241840091026907
    458.32 0.03389128328247374006
    458.60 0.03263802605473366258
    458.87 0.03131140630645975337
    459.15 0.03020825806050160892
    459.42 0.02933114391273992927
    459.70 0.02850656298053292834
    459.97 0.02797063547663322311
    460.24 0.02747569307992830251
    460.52 0.02717281395910369629
    460.79 0.02710038777168013308
    461.07 0.02720795109108351331
    461.34 0.02756030802468193916
    461.62 0.02824751082002723013
    461.89 0.02895304603205764785
    462.16 0.03012577861231523560
    462.44 0.03152405248386915687
    462.71 0.03301576254368918106
    462.99 0.03464751189763165540
    463.26 0.03634966693070712518
    463.54 0.03807301266048852134
    463.81 0.03992429106154565116
    464.08 0.04181284209114986133
    464.36 0.04393884391213706553
    464.63 0.04657738133616410453
    464.91 0.04987889188294633569
    465.18 0.05417115784866198547
    465.45 0.05973961298987080087
    465.73 0.06721725134290290615
    466.00 0.07694915272613138402
    466.28 0.08887760945155011305
    466.55 0.10281367935364629784
    466.82 0.11789086005990791206
    467.10 0.13324506395163354666
    467.37 0.14785235327861392940
    467.65 0.16042835827081353139
    467.92 0.16998311200033916490
    468.20 0.17601061676902621245
    468.47 0.17828577481178842223
    468.74 0.17730073595289658206
    469.02 0.17340672367007886612
    469.29 0.16728611125105916080
    469.57 0.15982368420434459044
    469.84 0.15147267703599187616
    470.12 0.14278915662521957097
    470.39 0.13386688769822727152
    470.66 0.12521474266009707810
    470.94 0.11662771384037172451
    471.21 0.10864414349676163041
    471.49 0.10072568937155637614
    471.76 0.09315471339163819420
    472.04 0.08578910647390404487
    472.31 0.07879926481752486112
    472.58 0.07214467969530932723
    472.86 0.06610078088374436722
    473.13 0.06037290271034102818
    473.41 0.05532747995914499145
    473.68 0.05086350364252471140
    473.95 0.04741060281602018506
    474.23 0.04528739356746709632
    474.50 0.04462167715296780357
    474.78 0.04510126040128510649
    475.05 0.04673916984147929304
    475.32 0.04915955807771207192
    475.60 0.05174143913511995013
    475.87 0.05383774112692552710
    476.15 0.05504605436537304830
    476.42 0.05491976438376443281
    476.70 0.05373285539167955288
    476.97 0.05127931767796419654
    477.25 0.04822084306743318338
    477.52 0.04478788449348756334
    477.79 0.04127152656514198464
    478.07 0.03793468176361988048
    478.34 0.03489963190774207635
    478.62 0.03207662043409684194
    478.89 0.02971172225481957113
    479.16 0.02734744829761581036
    479.44 0.02530834476001954728
    479.71 0.02360393924210011166
    479.99 0.02211070148088966486
    480.26 0.02061616599484218659
    480.54 0.01918447981545892689
    480.81 0.01778502320734467318
    481.08 0.01667578058272149027
    481.36 0.01563035645166613308
    481.63 0.01463960103273271099
    481.91 0.01374272532827551518
    482.18 0.01300763812913351136
    482.45 0.01255975879139173412
    482.73 0.01223266642487369840
    483.00 0.01192949161990900994
    483.28 0.01173391298814104554
    483.55 0.01169869372167787504
    483.83 0.01168565076572089870
    484.10 0.01177445456912570333
    484.37 0.01178360435057159220
    484.65 0.01176985503805775234
    484.92 0.01187444508916363391
    485.20 0.01194908890763781741
    485.47 0.01198514594583122497
    485.75 0.01209249571557787645
    486.02 0.01219319259217267228
    486.29 0.01227512995276889424
    486.57 0.01246453207138846671
    486.84 0.01245191621474494269
    487.12 0.01255479786859701498
    487.39 0.01257094550802485833
    487.67 0.01266889909287555530
    487.94 0.01282552955263597388
    488.21 0.01311106187057573327
    488.49 0.01347384988356040668
    488.76 0.01399796644875347766
    489.04 0.01446177987626637122
    489.31 0.01502436823346352431
    489.58 0.01554777844209973003
    489.86 0.01607606743904730143
    490.13 0.01675352908466654078
    490.41 0.01750956057706439320
    490.68 0.01838284725790166954
    490.95 0.01949291122735841847
    491.23 0.02077199153666571194
    491.50 0.02217484851239091490
    491.78 0.02345330459962470179
    492.05 0.02454252283720562838
    492.33 0.02539808489653461523
    492.60 0.02613571826466066367
    492.87 0.02660971636810973567
    493.15 0.02694185179190584575
    493.42 0.02709109014816420136
    493.70 0.02737364919780646555
    493.97 0.02772150516171696666
    494.25 0.02830929237840782223
    494.52 0.02921342877119371614
    494.79 0.03030258130118795509
    495.07 0.03194755430695079418
    495.34 0.03424431371883569081
    495.62 0.03739502535417580514
    495.89 0.04173982453544612670
    496.17 0.04781462233964971220
    496.44 0.05621502518629291345
    496.71 0.06843108401863197410
    496.99 0.08596533422139326919
    497.26 0.11085763496941992978
    497.54 0.14453715912690451306
    497.81 0.18651765412548124146
    498.08 0.23534877283114821744
    498.36 0.28739874193954767501
    498.63 0.33844752454962745425
    498.91 0.38361731796382503301
    499.18 0.41885545893127168471
    499.45 0.44084704898439802667
    499.73 0.44921936183773342188
    500.00 0.44452033305664417906
    500.28 0.42951685983574644512
    500.55 0.40727410253251661310
    500.83 0.38041267682671320305
    501.10 0.35132667149299839915
    501.38 0.32211751371493918539
    501.65 0.29369574637502332548
    501.92 0.26694148974310322187
    502.20 0.24219372925888690840
    502.47 0.21934997751404250454
    502.75 0.19869029666991813721
    503.02 0.17984629714176431081
    503.29 0.16224693072059817589
    503.57 0.14554062896386149584
    503.84 0.12923834673075434987
    504.12 0.11327518135252857834
    504.39 0.09825997932740761220
    504.67 0.08431163853349800397
    504.94 0.07174828225173525420
    505.21 0.06090559411559649805
    505.49 0.05187911295612173540
    505.76 0.04462847788818970207
    506.04 0.03916581196154377692
    506.31 0.03479671740009666892
    506.58 0.03149688239677490148
    506.86 0.02890466882136080023
    507.13 0.02695579822717973986
    507.41 0.02540596980693681645
    507.68 0.02408434383525097366
    507.96 0.02296749555746899554
    508.23 0.02203747037552920493
    508.50 0.02136866570445571795
    508.78 0.02069468656093078479
    509.05 0.02005586097628233450
    509.33 0.01959510295155029655
    509.60 0.01927849094510852498
    509.88 0.01901262162248425550
    510.15 0.01875954885236689670
    510.42 0.01838555769585242458
    510.70 0.01821912037877927021
    510.97 0.01805476927758335737
    511.25 0.01782970436629048930
    511.52 0.01761922653924169815
    511.80 0.01743754506205761126
    512.07 0.01725349811175286643
    512.34 0.01718309243261987099
    512.62 0.01713412385364285889
    512.89 0.01709262951265126673
    513.17 0.01709189030230105766
    513.44 0.01726090664215160220
    513.71 0.01784126890154705616
    513.99 0.01985553497137637971
    514.26 0.02414031027220994025
    514.54 0.03162565283978087394
    514.81 0.04190629470631263009
    515.09 0.05447778230192763804
    515.36 0.06798808346920157120
    515.63 0.08070291216516994881
    515.91 0.09115565862812645415
    516.18 0.09821286698775444357
    516.46 0.10091382661913227137
    516.73 0.09989524403723773482
    517.00 0.09561708877576269305
    517.28 0.08943384059973548406
    517.55 0.08273386796201727400
    517.83 0.07609401776611585122
    518.10 0.06980754297140646936
    518.38 0.06399527982980289520
    518.65 0.05853220323074019571
    518.92 0.05359743205552172651
    519.20 0.04936816323854033295
    519.47 0.04580830688780927057
    519.75 0.04287438100783971806
    520.02 0.04026656188058792135
    520.29 0.03790317497580441425
    520.57 0.03564551157799709241
    520.84 0.03325828924614359500
    521.12 0.03055997434512985542
    521.39 0.02777088441311076003
    521.67 0.02510387917715243417
    521.94 0.02281735372189372044
    522.21 0.02072900234807703579
    522.49 0.01916289487323289895
    522.76 0.01800125044822840914
    523.04 0.01730358371970352332
    523.31 0.01689700160019328573
    523.59 0.01658600759241308023
    523.86 0.01634881963137682290
    524.13 0.01624441027613432453
    524.41 0.01616083022587097920
    524.68 0.01611444066967135380
    524.96 0.01605645372442182292
    525.23 0.01610519232684543695
    525.50 0.01605880277064581155
    525.78 0.01597522272038246621
    526.05 0.01596342820857250475
    526.33 0.01587978245072247177
    526.60 0.01578897456592377388
    526.88 0.01563985119794211731
    527.15 0.01553754448547353846
    527.42 0.01556507596429456200
    527.70 0.01554623431381263292
    527.97 0.01552264529019270999
    528.25 0.01548499484302219217
    528.52 0.01562419636541441045
    528.79 0.01588241075418987333
    529.07 0.01588908007423840349
    529.34 0.01589579867497694504
    529.62 0.01593719445458850748
    529.89 0.01594151472841304901
    530.17 0.01589670215429386455
    530.44 0.01587541289620791884
    530.72 0.01579112648938770652
    530.99 0.01586113792300059694
    531.26 0.01590077602466833523
    531.54 0.01596612221962659048
    531.81 0.01600774797579155098
    532.09 0.01607286419419640816
    532.36 0.01608674492188361810
    532.63 0.01610065850336417012
    532.91 0.01615008703544797836
    533.18 0.01619000439435912611
    533.46 0.01617571299425513490
    533.73 0.01624625008856150563
    534.00 0.01632838457191778531
    534.28 0.01635879075765627605
    534.55 0.01639399359722277724
    534.83 0.01633738651129363131
    535.10 0.01634927958448361904
    535.38 0.01650290392215319688
    535.65 0.01665192872875482719
    535.92 0.01672765672240931339
    536.20 0.01687663224832092884
    536.47 0.01689787222571686315
    536.75 0.01690257031816484387
    537.02 0.01690495221818217458
    537.29 0.01690270173333820874
    537.57 0.01677733165794318901
    537.84 0.01680100281604646889
    538.12 0.01678227615384123711
    538.39 0.01690554358646233560
    538.67 0.01702866317701339643
    538.94 0.01718020129880572580
    539.22 0.01718729771816771001
    539.49 0.01735522988283795184
    539.76 0.01750202063149228909
    540.04 0.01758024551344080852
    540.31 0.01765587494571526847
    540.59 0.01779059192531623132
    540.86 0.01794922646647054490
    541.13 0.01817892376262470605
    541.41 0.01835869971979492421
    541.68 0.01848075156206235165
    541.96 0.01869719235260280943
    542.23 0.01886417175726612383
    542.50 0.01896483578006757584
    542.78 0.01904087588475881360
    543.05 0.01912156480120802068
    543.33 0.01918089875198459443
    543.60 0.01939637035562145201
    543.88 0.01967524978040935402
    544.15 0.01993003094778052209
    544.42 0.02026219922536997772
    544.70 0.02081765830941180104
    544.97 0.02178042229641740518
    545.25 0.02309621671978495314
    545.52 0.02459019369134560901
    545.80 0.02614200976608575464
    546.07 0.02769959168155751092
    546.35 0.02932297974509431512
    546.63 0.03061544797518868377
    546.91 0.03150054559473258742
    547.19 0.03217753086034836479
    547.47 0.03262807135535088221
    547.75 0.03311910415064804603
    548.04 0.03389315594869426324
    548.32 0.03465710520528766242
    548.60 0.03573130925931106150
    548.88 0.03717731969259165103
    549.16 0.03884374622540714972
    549.44 0.04082915023778507790
    549.72 0.04298386627415363287
    550.00 0.04523131214223143071
    550.28 0.04785002230197626938
    550.56 0.05046961951414134784
    550.84 0.05317726489246435428
    551.12 0.05577573711551021135
    551.41 0.05818778048823398247
    551.69 0.06068498089330153639
    551.97 0.06309332821427428295
    552.25 0.06532756685742838187
    552.53 0.06751819208992029808
    552.81 0.06939374944425755198
    553.09 0.07101815597538797820
    553.37 0.07246603907488909091
    553.65 0.07356381572563573668
    553.93 0.07433640552987821892
    554.21 0.07485385277502275281
    554.50 0.07498383880838239979
    554.77 0.07509593595126705379
    555.06 0.07536262661872487889
    555.34 0.07551667805570791425
    555.62 0.07561967469783667517
    555.90 0.07569257726526371077
    556.18 0.07578248167074548569
    556.46 0.07619767148411146773
    556.74 0.07654510034870852520
    557.02 0.07665240083776515834
    557.30 0.07703856432471302418
    557.58 0.07748261619553040158
    557.86 0.07815511691835491659
    558.14 0.07880460355894301772
    558.43 0.07954210551189569434
    558.71 0.08009772886490423849
    558.99 0.08101940918333501440
    559.27 0.08188586227515705362
    559.55 0.08271627475568235632
    559.83 0.08355355367901623476
    560.11 0.08452683087989144861
    560.39 0.08554285086590525389
    560.67 0.08680783689786861212
    560.95 0.08791796657491203482
    561.23 0.08919433644626859059
    561.51 0.09053393344291278677
    561.80 0.09208384399763906714
    562.08 0.09377891903824921160
    562.36 0.09532955237642903867
    562.64 0.09715026032278095691
    562.92 0.09916137242844939859
    563.20 0.10121849627169403341
    563.48 0.10372262882715685417
    563.76 0.10649371488042426448
    564.04 0.10929962595463471597
    564.32 0.11288865647385394608
    564.60 0.11714764154691363618
    564.88 0.12269567805556007289
    565.17 0.12987549677194232256
    565.45 0.13910851330326476361
    565.73 0.15136187761794425710
    566.01 0.16787764380019104538
    566.29 0.18884628171690837073
    566.57 0.21497340871460995926
    566.85 0.24906554366268315870
    567.13 0.29593906909203665512
    567.41 0.36008007192221019865
    567.69 0.44360803249621266753
    567.97 0.54291376449260908554
    568.25 0.64692320693564608902
    568.53 0.74770134738827376264
    568.82 0.83957987160441871488
    569.10 0.91580295549768075958
    569.38 0.97012814835642902089
    569.66 0.99780502163989015507
    569.94 1.00000000000000000000
    570.22 0.98639327294926582024
    570.50 0.96278093956296662004
    570.78 0.93138435979726652558
    571.06 0.89388242819955410212
    571.34 0.85095806014514385751
    571.62 0.80456052047373660674
    571.90 0.75596667186358912360
    572.19 0.70650656728437977172
    572.47 0.65875224808241028551
    572.75 0.61408685895740022787
    573.03 0.57314952117813833254
    573.31 0.53747920498616763574
    573.59 0.50650147823179114681
    573.87 0.47996445088145162083
    574.15 0.45717814399426659477
    574.43 0.43644733468755575467
    574.71 0.41590154151805325267
    574.99 0.39465988857865963446
    575.27 0.37253660409491984318
    575.56 0.35040035878970632321
    575.84 0.32971496985229142851
    576.12 0.31110485647894298156
    576.40 0.29531591476681251507
    576.68 0.28351667201060992696
    576.96 0.27597973256059460390
    577.25 0.27196628031208014420
    577.53 0.27112522320251186692
    577.82 0.27264929424877426545
    578.10 0.27603683245342391928
    578.39 0.28130556243796894789
    578.67 0.28777263453468215904
    578.96 0.29524077814143823151
    579.24 0.30387086185733891419
    579.53 0.31346162334436800112
    579.81 0.32393725247438753811
    580.10 0.33553409943670364779
    580.38 0.34812860111455512513
    580.67 0.36137106173160415956
    580.96 0.37587770346267979082
    581.24 0.39152926703794849184
    581.53 0.40849992684281566380
    581.81 0.42677079194610939572
    582.10 0.44601398149027138285
    582.38 0.46677414566133379470
    582.67 0.48895832465103400422
    582.95 0.51303501355243608106
    583.24 0.53870489788129338748
    583.52 0.56548520757133402537
    583.81 0.59401200848856594572
    584.10 0.62413648937604426781
    584.38 0.65557359429583239585
    584.67 0.68814022905763283511
    584.95 0.72116179029584692728
    585.24 0.75428664386032995282
    585.52 0.78679654012102773208
    585.81 0.81705100704186561789
    586.09 0.84344075083665059900
    586.38 0.86347517471277690504
    586.66 0.87554863165511276346
    586.95 0.87672527383677811841
    587.23 0.86571811961116684753
    587.52 0.84264539335362176331
    587.80 0.80766740514875767776
    588.09 0.76356347092507459440
    588.38 0.71249597807968623187
    588.66 0.65785172560689209043
    588.95 0.60279474735523264073
    589.23 0.54954942582985932820
    589.52 0.50016803893949868254
    589.80 0.45651200048045387225
    590.09 0.41907566148114988591
    590.37 0.38987658981764683475
    590.66 0.36988990250324710329
    590.94 0.36123113742575840845
    591.23 0.36509600839388134386
    591.51 0.38087667095008947982
    591.80 0.40776947202853491836
    592.09 0.44414258014079199821
    592.37 0.48731619349839527811
    592.66 0.53448369467057754711
    592.94 0.58209449207633034984
    593.23 0.62760139826401539764
    593.51 0.66994988860182158597
    593.80 0.70872607100121987056
    594.08 0.74269704115944579215
    594.37 0.77220723824590253859
    594.65 0.79712960021483758588
    594.94 0.81852123072083959876
    595.23 0.83600137072596591992
    595.51 0.84930479155656202206
    595.80 0.85939195743409968475
    596.08 0.86631765205897759419
    596.37 0.87004588410058902870
    596.65 0.87158112543658794458
    596.94 0.87037049600570970398
    597.22 0.86702880526966952246
    597.51 0.86297627343397420585
    597.79 0.85632119550485863435
    598.08 0.84817209132349213885
    598.37 0.83886495663438909176
    598.65 0.82804758234602071632
    598.93 0.81560984254310298081
    599.22 0.80200245841650197320
    599.51 0.78641850794793211055
    599.79 0.76985945689295665062
    600.08 0.75254347086626627306
    600.36 0.73463618226699756164
    600.65 0.71605399461799013050
    600.93 0.69731754198234308095
    601.22 0.67867500191496554773
    601.50 0.66053021324362359845
    601.79 0.64252981699402211824
    602.08 0.62466275786470115694
    602.36 0.60700295689068151095
    602.64 0.58986783099634165772
    602.93 0.57314204694015291608
    603.22 0.55692975124701082912
    603.50 0.54078276889503373859
    603.79 0.52528195495051721586
    604.07 0.51063612812394598706
    604.36 0.49645084577245029989
    604.64 0.48256236459001067285
    604.93 0.46938815772863068387
    605.21 0.45647091681187906831
    605.50 0.44444110613399867571
    605.78 0.43282099868599610559
    606.07 0.42119857504556285077
    606.36 0.40997645845011149168
    606.64 0.39917462400599407202
    606.93 0.38842883813331907650
    607.21 0.37832108935425229346
    607.50 0.36835393838379476561
    607.78 0.35905440934785037843
    608.07 0.35010357404754677280
    608.35 0.34145144543631322787
    608.64 0.33324320442693039501
    608.92 0.32534408475910719938
    609.21 0.31739174194606917245
    609.50 0.30973850006762132514
    609.78 0.30224553541999493733
    610.07 0.29526950878371621689
    610.35 0.28821757345791976235
    610.64 0.28151917780228197241
    610.92 0.27505105438418181452
    611.21 0.26913748657080660553
    611.49 0.26337985928753165910
    611.78 0.25773657963198526311
    612.06 0.25215245323135210276
    612.35 0.24673399208364851787
    612.63 0.24151953656570526729
    612.92 0.23653034308181494771
    613.21 0.23196039685476838033
    613.49 0.22740878304440692581
    613.78 0.22297529504800850386
    614.06 0.21906559507886971816
    614.35 0.21627893632755798570
    614.63 0.21617276929437162503
    614.92 0.21982055882298393024
    615.20 0.22905710713709070969
    615.49 0.24492294315253929082
    615.77 0.26558390529460396134
    616.06 0.28792785228132883324
    616.34 0.31043828586581678763
    616.63 0.32824259424985352540
    616.91 0.33986712053306067371
    617.20 0.34317316490332416823
    617.49 0.33829141975056054026
    617.77 0.32732654835698099527
    618.06 0.31351571711510639595
    618.34 0.29803147790933109951
    618.63 0.28397284693117069709
    618.91 0.27141233250253210540
    619.20 0.26033963495920242615
    619.48 0.24974239751312554692
    619.77 0.23939460249300167916
    620.05 0.22904268432181335013
    620.34 0.21864092694612441425
    620.62 0.20862301686495271502
    620.91 0.19959768558824494966
    621.20 0.19128303114222569570
    621.48 0.18432261005778474705
    621.77 0.17853390308600772252
    622.05 0.17394417887536900436
    622.34 0.16997424147613671153
    622.62 0.16612008084464344182
    622.91 0.16181897720851862177
    623.19 0.15716265835877460399
    623.48 0.15210688666267568880
    623.76 0.14656864058444532550
    624.05 0.14072423000605610577
    624.34 0.13508021114015950070
    624.62 0.12986081112631822632
    624.91 0.12532951738713912770
    625.19 0.12162689487743819083
    625.48 0.11849502489258000038
    625.76 0.11597646952183982005
    626.05 0.11400749240613314295
    626.33 0.11236943512386890487
    626.62 0.11060921101106054032
    626.90 0.10907935769716986529
    627.19 0.10781259756036601360
    627.48 0.10653657265383957575
    627.76 0.10539587252209094148
    628.04 0.10421949317077232322
    628.33 0.10309356081913113867
    628.62 0.10204577121495511660
    628.90 0.10095252838768974113
    629.19 0.09968616249640599447
    629.47 0.09847228053998691166
    629.76 0.09738381793965286692
    630.04 0.09637321882954057173
    630.33 0.09515817056345783620
    630.61 0.09411238504067570565
    630.90 0.09314383878604183542
    631.18 0.09226289717135574553
    631.47 0.09144889516060503154
    631.76 0.09048816810878666794
    632.04 0.08930543154845628495
    632.33 0.08843014078622510321
    632.61 0.08747419396133808422
    632.90 0.08652788972479708018
    633.18 0.08571050377333208625
    633.47 0.08508087725081953101
    633.75 0.08423799675572075929
    634.04 0.08347531237017104255
    634.32 0.08273447575719410085
    634.61 0.08190660944565285317
    634.89 0.08110297280670170084
    635.18 0.08018010975171056820
    635.47 0.07927848667411538375
    635.75 0.07857912797523335102
    636.04 0.07788555154397962255
    636.32 0.07711220610249026886
    636.61 0.07640473251665264032
    636.89 0.07590578195715994014
    637.18 0.07534298005030605483
    637.46 0.07471516048642734553
    637.75 0.07420209922269402347
    638.03 0.07366802795811817905
    638.32 0.07314849449709638629
    638.61 0.07272211796709729392
    638.89 0.07204158449180052270
    639.18 0.07142206051074079243
    639.46 0.07079189190063811532
    639.75 0.07001363481704403480
    640.03 0.06918987522967059989
    640.32 0.06855661836299370426
    640.60 0.06783590469843905901
    640.89 0.06725825287699437049
    641.17 0.06668677756869806350
    641.46 0.06605655967790535765
    641.74 0.06555273033010128314
    642.03 0.06517165918112149958
    642.32 0.06448455494715622793
    642.60 0.06403679059769115667
    642.89 0.06355753588730728154
    643.17 0.06297750216584525884
    643.46 0.06252017736251751223
    643.74 0.06199750636423151384
    644.03 0.06146626052588311656
    644.31 0.06115019060703148768
    644.60 0.06057580773802438007
    644.88 0.05994805388173235494
    645.17 0.05940056184257608285
    645.46 0.05882171085767439606
    645.74 0.05830005832698201274
    646.02 0.05788427714533586621
    646.31 0.05747950198445946068
    646.60 0.05709161367336111625
    646.88 0.05670786494022392321
    647.17 0.05648038527512037194
    647.45 0.05614507946026671414
    647.74 0.05582725186347126806
    648.02 0.05536061300973091348
    648.31 0.05485906700056415036
    648.59 0.05444716256653241854
    648.88 0.05395422425122139293
    649.16 0.05341851029697841646
    649.45 0.05298922620626850266
    649.74 0.05250249725789920413
    650.02 0.05201583401711659671
    650.31 0.05152695314528336901
    650.59 0.05103889361828370386
    650.88 0.05061457045036850400
    651.16 0.05011649051639937430
    651.45 0.04959436160570351859
    651.73 0.04904806873000425865
    652.02 0.04863857904978320656
    652.30 0.04816259329183691235
    652.59 0.04772028267206668978
    652.88 0.04719343924202618751
    653.16 0.04684310281671832943
    653.45 0.04649940285766565595
    653.73 0.04626522101872024284
    654.02 0.04594391091983048708
    654.30 0.04570499813464375116
    654.59 0.04549287761792783491
    654.87 0.04548224941578152269
    655.16 0.04535720787831993422
    655.44 0.04516517745623296193
    655.73 0.04505130620850781448
    656.01 0.04479005284384816876
    656.30 0.04460919271149765136
    656.59 0.04439037002093985246
    656.87 0.04418662722152627564
    657.16 0.04403926153148844669
    657.44 0.04396706532061828154
    657.73 0.04376227119981773717
    658.01 0.04369133985999126141
    658.30 0.04360345596280004038
    658.58 0.04344756471338982740
    658.87 0.04326842940518978858
    659.15 0.04292592860959411338
    659.44 0.04255275879791321075
    659.72 0.04214545389494944033
    660.01 0.04181533897944389455
    660.29 0.04139132792256544624
    660.58 0.04104856429662303435
    660.87 0.04066052814345464533
    661.15 0.04032592868515784412
    661.44 0.03997905833504761253
    661.72 0.03978129492602237860
    662.01 0.03951452212408118614
    662.29 0.03916021038977888363
    662.58 0.03874268795708558921
    662.86 0.03830372842423630103
    663.15 0.03797615967771479639
    663.43 0.03765135064983406860
    663.72 0.03726676414496664369
    664.00 0.03689155739809849704
    664.29 0.03663677623072732897
    664.58 0.03635894812732638759
    664.86 0.03618081485982329454
    665.15 0.03599985616609274047
    665.43 0.03581633487648148290
    665.72 0.03565963870913437667
    666.00 0.03550765706113192394
    666.29 0.03539155175545948689
    666.57 0.03544827382966533186
    666.86 0.03534332238683268734
    667.14 0.03526813648076834729
    667.43 0.03528880151678079335
    667.72 0.03536135911937772491
    668.00 0.03548375592647524945
    668.29 0.03561398836328495687
    668.57 0.03566680083608304852
    668.86 0.03585424815399874260
    669.14 0.03601877995105803171
    669.43 0.03619050672885933823
    669.71 0.03623024339190709930
    670.00 0.03620343469653961033
    670.28 0.03617861365566934356
    670.57 0.03611909900902938314
    670.86 0.03620259692480937846
    671.14 0.03629557315996868871
    671.42 0.03636806505497893610
    671.71 0.03638422912130345049
    672.00 0.03650370194079348429
    672.28 0.03666672246335902358
    672.57 0.03681287256304318495
