    350.23 0.02619725185599287853
    350.50 0.02596569008173543747
    350.76 0.02574144994671416498
    351.02 0.02543674004712746101
    351.29 0.02517348530302950665
    351.55 0.02503213841222760860
    351.81 0.02464697581483359448
    352.07 0.02426911778991762761
    352.34 0.02394247710613864669
    352.60 0.02394252830641302454
    352.86 0.02419859794533981215
    353.12 0.02477403782908378996
    353.39 0.02562500345601852192
    353.65 0.02673439393450146792
    353.91 0.02802177363348344954
    354.18 0.02935304903436623813
    354.44 0.03067456224960079039
    354.70 0.03236666305078950839
    354.96 0.03445860386136085501
    355.23 0.03684069662683717855
    355.49 0.03983231159203566574
    355.75 0.04380893450249273569
    356.02 0.04961168346570424270
    356.28 0.05729177582280717967
    356.54 0.06737097650323833897
    356.81 0.08011015090495801627
    357.07 0.09529229519839046980
    357.33 0.11183005208979379663
    357.59 0.12887979465822757552
    357.86 0.14491529392473243010
    358.12 0.15935382249984450520
    358.38 0.17067645597708247518
    358.65 0.17789574586477568952
    358.91 0.18087759864432595425
    359.17 0.17971468681235899800
    359.43 0.17447280272145157531
    359.70 0.16601018243750031989
    359.96 0.15503386761616097522
    360.22 0.14380400903609746877
    360.49 0.13320804398636051924
    360.75 0.12391157603387518982
    361.01 0.11703130022960249457
    361.27 0.11316938300051221367
    361.54 0.11155053272520150387
    361.80 0.11232835022680696946
    362.06 0.11482014811351906602
    362.33 0.11855293825062589164
    362.59 0.12324148390956282673
    362.85 0.12888331041040160252
    363.11 0.13601240248139739863
    363.38 0.14548936846782631327
    363.64 0.15985232543795521720
    363.90 0.18273889928557865425
    364.17 0.21679445458702917282
    364.43 0.26267969674964958271
    364.69 0.31942915926623588474
    364.95 0.38481440139472278261
    365.22 0.45625590211162897480
    365.48 0.52700010629176963217
    365.74 0.58959858575284784798
    366.01 0.63896058254716447955
    366.27 0.67282350534964352473
    366.53 0.68775941045682997821
    366.80 0.68376828080196561110
    367.06 0.66158154643806865725
    367.32 0.62441507953211683457
    367.58 0.57521897162678758963
    367.85 0.51778451770604472237
    368.11 0.45450589380011785501
    368.37 0.39079329636855564267
    368.63 0.32958220780907948599
    368.90 0.27399826833845347673
    369.16 0.22551652372801622715
    369.42 0.18510493223165813692
    369.69 0.15207836591115769798
    369.95 0.12638318394572389813
    370.21 0.10681254466797270031
    370.48 0.09225465118652539931
    370.74 0.08178059399008447139
    371.00 0.07400062696442652466
    371.26 0.06833451446677406282
    371.53 0.06411663586344380772
    371.79 0.06095689626394328042
    372.05 0.05865537566358115795
    372.32 0.05675857616542576145
    372.58 0.05487152178616048342
    372.84 0.05331605745053080714
    373.11 0.05176303366131319167
    373.37 0.05035384850958390945
    373.63 0.04890322526912400242
    373.89 0.04748429499850460866
    374.16 0.04617020582305499110
    374.42 0.04489269071027000152
    374.68 0.04360785395824883642
    374.95 0.04236689584137035697
    375.21 0.04124298155172193697
    375.47 0.04013611695344167923
    375.74 0.03900001699849109382
    376.00 0.03804919376975946649
    376.26 0.03715201136181875419
    376.52 0.03628165789765256527
    376.79 0.03560634334535355688
    377.05 0.03503831043463639244
    377.31 0.03458974483080323042
    377.58 0.03432647301994715128
    377.84 0.03409491124568970327
    378.10 0.03401693322781070700
    378.37 0.03428029037245741706
    378.63 0.03455585024916443121
    378.89 0.03488259333349216784
    379.15 0.03524348700083060337
    379.42 0.03548977738735103332
    379.68 0.03571413698967918632
    379.94 0.03594092007166126840
    380.20 0.03608236936301192216
    380.47 0.03618970220486813355
    380.73 0.03627751067542787228
    380.99 0.03622636160132339245
    381.26 0.03625322467861417236
    381.52 0.03646538154888202821
    381.78 0.03666535275384771864
    382.05 0.03693359099131854340
    382.31 0.03727009626129452330
    382.57 0.03779675935031356904
    382.83 0.03841851841561228637
    383.10 0.03914269509642684386
    383.36 0.03981809498251647622
    383.62 0.04042278728968889956
    383.89 0.04097139822965835398
    384.15 0.04141030404839203538
    384.41 0.04155419388615474996
    384.68 0.04179317970019713613
    384.94 0.04203458899389344444
    385.20 0.04213460019651348032
    385.46 0.04227604948786413408
    385.73 0.04258816636047765142
    385.99 0.04294661948140402613
    386.25 0.04338308475372565365
    386.52 0.04383904026382749730
    386.78 0.04420967905005605131
    387.04 0.04454618432003202427
    387.31 0.04497776849952953709
    387.57 0.04521187322074780163
    387.83 0.04567026927726170610
    388.09 0.04628960486290648046
    388.36 0.04675532255865656739
    388.62 0.04741607916627384872
    388.88 0.04857911046554770629
    389.15 0.05110258425534218441
    389.41 0.05626654152864494357
    389.67 0.06576545536602428077
    389.94 0.08129137536839449452
    390.20 0.10439735945848950538
    390.46 0.13489082633761229069
    390.72 0.17172824614688919631
    390.99 0.21258609923473337222
    391.25 0.25439238620517151679
    391.51 0.29378737918697922504
    391.77 0.32766858048741159815
    392.04 0.35508591781509452057
    392.30 0.37493039322698190619
    392.56 0.38674792855636591637
    392.83 0.39145840499949513536
    393.09 0.38957187968973178149
    393.35 0.38202231389877866485
    393.62 0.36944805558083332331
    393.88 0.35163264704258001547
    394.14 0.32976654586360149013
    394.40 0.30535611531639827998
    394.67 0.27910174102095669513
    394.93 0.25297797862545556846
    395.19 0.22735405037519901272
    395.46 0.20377931070640742384
    395.72 0.18244902039880372957
    395.98 0.16341089810810890959
    396.25 0.14669684160526103023
    396.51 0.13231654480887586334
    396.77 0.11991669169222299307
    397.03 0.10962640934728593023
    397.30 0.10116013677709563556
    397.56 0.09425750351967752960
    397.82 0.08901242794500052735
    398.09 0.08603117250198469290
    398.35 0.08569067361060717092
    398.61 0.08810377667559894654
    398.88 0.09348948233723654300
    399.14 0.10101373812588837486
    399.40 0.11015220203164054202
    399.66 0.11954656490873824537
    399.93 0.12816715510590639959
    400.19 0.13567226199194051817
    400.45 0.14321600801837255923
    400.72 0.15243451501973701023
    400.98 0.16563101027220863970
    401.24 0.18416687493800498743
    401.50 0.21000888222359923030
    401.77 0.24307843970781981002
    402.03 0.28117926042091129224
    402.29 0.32061379708129766897
    402.56 0.35762570742565769066
    402.82 0.39126346848817672441
    403.08 0.42489017029142994719
    403.35 0.45910791099535447346
    403.61 0.49402767572804567875
    403.87 0.53181218114602457625
    404.13 0.57438464608902606301
    404.40 0.61907680239131224198
    404.66 0.66053224801494825336
    404.93 0.69341379809164971348
    405.20 0.71461392023502423587
    405.47 0.72232969918336931148
    405.75 0.71456985386554228157
    406.02 0.69258517285110232642
    406.29 0.66090275026711187145
    406.56 0.62505441735828570771
    406.83 0.58752499170726224520
    407.10 0.55189362849449552506
    407.37 0.51981940434419993124
    407.64 0.49306034894420591730
    407.91 0.46971143661894143584
    408.19 0.44899188025088676568
    408.46 0.42983679946675257266
    408.73 0.41068270855458965940
    409.00 0.38982346077127139061
    409.27 0.36762925116731504094
    409.54 0.34377408759575045494
    409.81 0.31947158722693780319
    410.08 0.29580238305191730586
    410.35 0.27271576973229560981
    410.62 0.25071833984953534324
    410.90 0.22953714474092287712
    411.17 0.20928450074168716832
    411.44 0.19063307705661772240
    411.71 0.17403048355109265732
    411.98 0.16010475985740107996
    412.25 0.14915307236803793112
    412.52 0.14198624569482493074
    412.79 0.13879510326037203249
    413.06 0.13918507868355767254
    413.34 0.14219761749421896968
    413.61 0.14798335089957856403
    413.88 0.15575715682555293928
    414.15 0.16483402680122732908
    414.42 0.17407499365628600896
    414.69 0.18297158746587244282
    414.96 0.19244911665531952427
    415.23 0.20259228354520802950
    415.50 0.21187014873133572235
    415.78 0.22036321611178424917
    416.05 0.22804218206285084558
    416.32 0.23425067613375669118
    416.59 0.23767930250753685484
    416.86 0.23746786244111031672
    417.13 0.23416597381317591497
    417.40 0.22843089454593512588
    417.67 0.21990935981293194268
    417.94 0.20908272046036008307
    418.22 0.19685341545766318894
    418.49 0.18462283044810684496
    418.76 0.17278604381555640046
    419.03 0.16123681499067574197
    419.30 0.15040858842959814456
    419.57 0.14065391215493833199
    419.84 0.13215492260941993918
    420.11 0.12487207611446442257
    420.39 0.11892014661847104262
    420.66 0.11463507618839761937
    420.93 0.11196977763857371424
    421.20 0.11034558546796947864
    421.47 0.10997991310835568413
    421.74 0.11089839483043799351
    422.01 0.11250289196216449461
    422.28 0.11560421204859874789
    422.56 0.11985774310965481571
    422.83 0.12545343816327822473
    423.10 0.13383785856149485460
    423.37 0.14624491385007698518
    423.64 0.16206996292212663691
    423.91 0.18075804600365133479
    424.18 0.20114230884155692713
    424.45 0.22254072964760077125
    424.72 0.24129025305838011639
    425.00 0.25543820300963404613
    425.27 0.26334344003993892525
    425.54 0.26500878016438561557
    425.81 0.26111068140806759086
    426.08 0.25187597805324130062
    426.35 0.23785968107417354567
    426.62 0.22278174640586020927
    426.89 0.20722865612455290685
    427.16 0.19179646675781222842
    427.44 0.17693831780064922521
    427.71 0.16321572266217670988
    427.98 0.15089157768457203690
    428.25 0.14026304926033011933
    428.52 0.13089293824652986631
    428.79 0.12315106422500977923
    429.06 0.11662308044197987333
    429.33 0.11160883277096089738
    429.60 0.10779879848657449026
    429.88 0.10592165989378059254
    430.15 0.10646977589776439321
    430.42 0.11003225685552898983
    430.69 0.11709540297312483192
    430.96 0.12804743179765049055
    431.23 0.14222857659346005432
    431.50 0.15833713865150356170
    431.77 0.17547450195615768576
    432.04 0.19159260433199376550
    432.31 0.20528031501685614635
    432.59 0.21545584048015209433
    432.86 0.22106413080127265691
    433.13 0.22259786915380758154
    433.40 0.22168008716880846509
    433.67 0.21832493318876194932
    433.94 0.21435066549092629540
    434.21 0.21407715362519444402
    434.48 0.22789885542810631169
    434.75 0.26263027141811584597
    435.03 0.32009331215872027787
    435.30 0.39929365125472415787
    435.57 0.49725144980403601647
    435.84 0.60528580368626960784
    436.11 0.71198306240309916504
    436.39 0.80498844614608355830
    436.66 0.87716083077974804638
    436.94 0.92413281583281781106
    437.21 0.94385620259579927627
    437.49 0.93723484657906042106
    437.76 0.91000097690123515903
    438.03 0.87042616855580889901
    438.31 0.82115976267375745401
    438.58 0.76468550163195747604
    438.86 0.70354315797421396184
    439.13 0.64092138238829343688
    439.40 0.57915105029853508611
    439.68 0.52163529034207856139
    439.95 0.46776906887658881162
    440.23 0.41837524257836666841
    440.50 0.37283604600351477609
    440.78 0.33187466596087655812
    441.05 0.29607185009597319914
    441.32 0.26565204334492348304
    441.60 0.24006644703341853408
    441.87 0.21921646649976286869
    442.15 0.20239052033063906211
    442.42 0.18873972504360383984
    442.69 0.17750080401497531080
    442.97 0.16786885479800162102
    443.24 0.15933597067084440124
    443.52 0.15115353535505238192
    443.79 0.14418946176837965645
    444.07 0.13778410264248711070
    444.34 0.13187738298877027532
    444.62 0.12620213977552025009
    444.89 0.12060707619194750706
    445.16 0.11538316339734709659
    445.44 0.11061402850653782870
    445.71 0.10613658157886490807
    445.99 0.10186536935639001200
    446.26 0.09792603731243888776
    446.53 0.09437599802134832849
    446.81 0.09096551361145641112
    447.08 0.08783451443264053693
    447.36 0.08523930905844129269
    447.63 0.08289041113752058931
    447.90 0.08094133615922438629
    448.18 0.07920300151027155622
    448.45 0.07779673477418186378
    448.73 0.07652992051874206447
    449.00 0.07531695188519067774
    449.28 0.07426138996183803687
    449.55 0.07312342973025169612
    449.82 0.07209341674381410103
    450.10 0.07123678495318143400
    450.37 0.07035723250638517556
    450.65 0.06985058872464826318
    450.92 0.06940687008012295933
    451.19 0.06880202417212739896
    451.47 0.06833302965881707380
    451.74 0.06816865971130281476
    452.02 0.06795356735863723741
    452.29 0.06808774621102609004
    452.57 0.06827754562814851436
    452.84 0.06858725608786622741
    453.12 0.06915223404887878289
    453.39 0.07036786509669785972
    453.66 0.07174849756208186158
    453.94 0.07378456180654775765
    454.21 0.07590894652431715017
    454.49 0.07840514763462583248
    454.76 0.08113215958183438159
    455.03 0.08393684234527566679
    455.31 0.08634344297542133340
    455.58 0.08863629366265532439
    455.86 0.09055981970403646775
    456.13 0.09193091185162788337
    456.40 0.09296392858749570609
    456.68 0.09404198449805879767
    456.95 0.09496775372586102604
    457.23 0.09585701715803114642
    457.50 0.09654842566324323139
    457.78 0.09662741061985168078
    458.05 0.09660742544608579008
    458.32 0.09618865840194112948
    458.60 0.09523338074933854203
    458.87 0.09406219153968030378
    459.15 0.09281080563358666546
    459.42 0.09133825160893449535
    459.70 0.09021592452779181315
    459.97 0.08955086709712671567
    460.24 0.08900164175386471310
    460.52 0.08874732999102494246
    460.79 0.08850054466851885182
    461.07 0.08798331949674362273
    461.34 0.08706137322276168156
    461.62 0.08571084651871242743
    461.89 0.08357787722160549271
    462.16 0.08119477751739972993
    462.44 0.07811656582146847549
    462.71 0.07493680691468580790
    462.99 0.07165819734483568071
    463.26 0.06857507042256405505
    463.54 0.06563359759274059457
    463.81 0.06324761360641147079
    464.08 0.06109126285067153356
    464.36 0.05937549045596165337
    464.63 0.05772875309787259962
    464.91 0.05639375714371828302
    465.18 0.05548444027074977969
    465.45 0.05496665189595639767
    465.73 0.05441848469169822261
    466.00 0.05449569470546154759
    466.28 0.05517467861075769225
    466.55 0.05643461496267260930
    466.82 0.05809963081871491464
    467.10 0.06013929614914544086
    467.37 0.06237473426204259014
    467.65 0.06522496820292293662
    467.92 0.06755364201546397440
    468.20 0.06955297859644209157
    468.47 0.07103089158314593310
    468.74 0.07207186142830060427
    469.02 0.07263665165497376619
    469.29 0.07273726019412823929
    469.57 0.07244511142852247398
    469.84 0.07303415351849310011
    470.12 0.07436382464411200877
    470.39 0.07689898916322299161
    470.66 0.08071356320527096895
    470.94 0.08602765674981067978
    471.21 0.09252847025390352476
    471.49 0.09961991305647274753
    471.76 0.10773836509604932388
    472.04 0.11862320209383180047
    472.31 0.13334640419449031445
    472.58 0.15416986298601775829
    472.86 0.18388397635530367991
    473.13 0.22600106605797959380
    473.41 0.28212484415489819112
    473.68 0.34981396209636861361
    473.95 0.42412182484058452703
    474.23 0.50035096081410890267
    474.50 0.57239273354783293257
    474.78 0.63212660885768845453
    475.05 0.67367334457054206531
    475.32 0.69578701614290039412
    475.60 0.69822804042418673554
    475.87 0.68278279498747940224
    476.15 0.65230856234476497502
    476.42 0.61091808986931572800
    476.70 0.56410861448712446009
    476.97 0.51633164165351219665
    477.25 0.46945436004128515695
    477.52 0.42568169239981074048
    477.79 0.38695972702471309601
    478.07 0.35385683816187185613
    478.34 0.32504574403180586106
    478.62 0.29974686925682253458
    478.89 0.27680511858017681215
    479.16 0.25433642430527542144
    479.44 0.23185941851916655465
    479.71 0.20921073821306537810
    479.99 0.18678302122442519417
    480.26 0.16597739719513973644
    480.54 0.14731100596319357532
    480.81 0.13069929880882902307
    481.08 0.11633006127170968103
    481.36 0.10455640457746837035
    481.63 0.09504836002449147669
    481.91 0.08769245073799734891
    482.18 0.08233850631323276492
    482.45 0.07911162608726342305
    482.73 0.07783590298408168962
    483.00 0.07882973444329155477
    483.28 0.08153583961179541872
    483.55 0.08577680953887052706
    483.83 0.09140146688103424621
    484.10 0.09790755401338811781
    484.37 0.10432388706475584361
    484.65 0.11031367063027333608
    484.92 0.11498375005691763295
    485.20 0.11820964041091565344
    485.47 0.11995623537080160603
    485.75 0.11957373518767527854
    486.02 0.11728743813556180564
    486.29 0.11372918973381249130
    486.57 0.10910773350106998947
    486.84 0.10380558668721867610
    487.12 0.09837799920113918239
    487.39 0.09326954302526310747
    487.67 0.08876678609528888819
    487.94 0.08487315882959996227
    488.21 0.08168804096076563714
    488.49 0.07930006016373573885
    488.76 0.07731043456813148362
    489.04 0.07551168359541160502
    489.31 0.07351273954987039283
    489.58 0.07151164509280527604
    489.86 0.06978404543471387889
    490.13 0.06875922074274667950
    490.41 0.06815118335098149793
    490.68 0.06821376715303058280
    490.95 0.06889215372179231800
    491.23 0.07040228874783857616
    491.50 0.07230035118609531852
    491.78 0.07425908594949100217
    492.05 0.07577031324805734436
    492.33 0.07720649801114240485
    492.60 0.07836966584448128159
    492.87 0.07921146662230219015
    493.15 0.07972966459929060890
    493.42 0.08040322127550258990
    493.70 0.08093007209886103615
    493.97 0.08123594253800033027
    494.25 0.08160480638138374598
    494.52 0.08254506528683519528
    494.79 0.08373763914442565459
    495.07 0.08536070490899355656
    495.34 0.08713590375549916389
    495.62 0.08898006937159308460
    495.89 0.09065454021163736609
    496.17 0.09148249984861786532
    496.44 0.09171375442122901844
    496.71 0.09173353479389739773
    496.99 0.09192650862803129763
    497.26 0.09304494448832117959
    497.54 0.09574383041813762374
    497.81 0.09974180384301067903
    498.08 0.10574672562298616241
    498.36 0.11276594190516493754
    498.63 0.12042482028191690835
    498.91 0.12745270647722381496
    499.18 0.13330476130466217821
    499.45 0.13727008602123966230
    499.73 0.13938134640200994241
    500.00 0.13896228922297712560
    500.28 0.13645410724846379624
    500.55 0.13213893105705559750
    500.83 0.12711710574542856023
    501.10 0.12159443934982751279
    501.38 0.11634335627629006915
    501.65 0.11253620627402700916
    501.92 0.10997965710698379138
    502.20 0.10902762213842519257
    502.47 0.10927712107547335463
    502.75 0.11001467809465892422
    503.02 0.11099038465673867482
    503.29 0.11180573195946386100
    503.57 0.11147770886827663983
    503.84 0.11025159883096803670
    504.12 0.10755851559891452252
    504.39 0.10412389879303203533
    504.67 0.10004074517835068181
    504.94 0.09541678013216360610
    505.21 0.09095750930189518135
    505.49 0.08809681343828343336
    505.76 0.08778102721267276587
    506.04 0.09243286227488006768
    506.31 0.10240433757801811754
    506.58 0.11792341381037969861
    506.86 0.13935275958214840553
    507.13 0.17164635984139930969
    507.41 0.21981486117318671525
    507.68 0.28678137257559022100
    507.96 0.37020378869742331940
    508.23 0.46591476560616784663
    508.50 0.56742144290701779230
    508.78 0.66754939921939371317
    509.05 0.75568985235820607116
    509.33 0.82400917741024781726
    509.60 0.86821906126140135918
    509.88 0.88810811504551456785
    510.15 0.88573592099975162473
    510.42 0.86569294212409730882
    510.70 0.83407929857535578755
    510.97 0.79473862908466397226
    511.25 0.74890651574009070579
    511.52 0.69800740137513017647
    511.80 0.64388731188251191462
    512.07 0.58857055251035284016
    512.34 0.53510560466192835793
    512.62 0.48350968869618771162
    512.89 0.43563901936046212082
    513.17 0.39215640127334400189
    513.44 0.35228611614447730149
    513.71 0.31464502269503363818
    513.99 0.27887127151921931034
    514.26 0.24430519828193725251
    514.54 0.21236945380707830666
    514.81 0.18333778889498816844
    515.09 0.15747241721751903398
    515.36 0.13518589351885765271
    515.63 0.11644420375005827550
    515.91 0.10137645793634630920
    516.18 0.08943443767318919047
    516.46 0.08005528127758200496
    516.73 0.07222541105116279947
    517.00 0.06568365439432498343
    517.28 0.06018834601200038353
    517.55 0.05574431579673873316
    517.83 0.05186683368423725821
    518.10 0.04874612576057153757
    518.38 0.04595927775937222459
    518.65 0.04379150934244580018
    518.92 0.04220319149742302045
    519.20 0.04072502250934729312
    519.47 0.03951644003263437427
    519.75 0.03917498540280177355
    520.02 0.03995299063874663270
    520.29 0.04201846090746410439
    520.57 0.04530150783442705303
    520.84 0.05044361965732816616
    521.12 0.05713238936866579798
    521.39 0.06443298529207264203
    521.67 0.07172450170015630400
    521.94 0.07820633696921272526
    522.21 0.08307440785688006979
    522.49 0.08619586671790334387
    522.76 0.08709030137778572822
    523.04 0.08604528671095514059
    523.31 0.08406016673949620599
    523.59 0.08114178523341761262
    523.86 0.07747656239173275616
    524.13 0.07380649259074002766
    524.41 0.07037839528646178122
    524.68 0.06771142419434149351
    524.96 0.06615991934659710971
    525.23 0.06559320057625567246
    525.50 0.06609192538222198599
    525.78 0.06743036882151781652
    526.05 0.06900032283479670681
    526.33 0.07020259061100291020
    526.60 0.07051230107072060938
    526.88 0.06985161273013584804
    527.15 0.06821392075385372677
    527.42 0.06639371686616910018
    527.70 0.06480360701154305736
    527.97 0.06403604663157148880
    528.25 0.06431488332583874812
    528.52 0.06521913137164374319
    528.79 0.06606195615495223661
    529.07 0.06708039787938020748
    529.34 0.06738024375290091461
    529.62 0.06691421885550456750
    529.89 0.06614933795655882076
    530.17 0.06507099191110758685
    530.44 0.06354677680960713060
    530.72 0.06230133013534144143
    530.99 0.06088492574492473247
    531.26 0.05933883105950638753
    531.54 0.05778700194335761181
    531.81 0.05594295579457057160
    532.09 0.05435108806385752916
    532.36 0.05335184644232163209
    532.63 0.05328166793290634029
    532.91 0.05490812998234136100
    533.18 0.05871838613458340433
    533.46 0.06504264402585982485
    533.73 0.07549488990541534938
    534.00 0.08989827802554538339
    534.28 0.10859998038005486132
    534.55 0.13175605540525051063
    534.83 0.15760261951526446933
    535.10 0.18316019220992604821
    535.38 0.20767831400090616678
    535.65 0.22692488967535542899
    535.92 0.23966609502129215814
    536.20 0.24683925346177001958
    536.47 0.24778251611665169651
    536.75 0.24395218945685312462
    537.02 0.23815867360978795753
    537.29 0.22972653455585026472
    537.57 0.22067311430584132803
    537.84 0.21281754154168394666
    538.12 0.20578262384202899993
    538.39 0.19928237354095429401
    538.67 0.19346882131984888264
    538.94 0.18849420266119909506
    539.22 0.18440036525593070382
    539.49 0.18081349590080364464
    539.76 0.17677869241189406169
    540.04 0.17124001739717054082
    540.31 0.16476806378106925721
    540.59 0.15697055212805746671
    540.86 0.14771511266210773927
    541.13 0.13836616442838409191
    541.41 0.12937566931558680539
    541.68 0.12134055425594088284
    541.96 0.11463144096891671186
    542.23 0.10934593424423855179
    542.50 0.10553025086291235868
    542.78 0.10312472543852863049
    543.05 0.10224756233787006543
    543.33 0.10416422754248445826
    543.60 0.10864679449759524765
    543.88 0.11562747403992489070
    544.15 0.12549436424926505018
    544.42 0.14360973812834595953
    544.70 0.18337885151504002001
    544.97 0.24981431367158599133
    545.25 0.34097392752321264986
    545.52 0.45363741767934551152
    545.80 0.57783008321956064179
    546.07 0.70136980872738030612
    546.35 0.81469248534938276674
    546.63 0.90297728912842734061
    546.91 0.96084156935258069332
    547.19 0.99186709241629034128
    547.47 1.00000000000000000000
    547.75 0.99360706547402333211
    548.04 0.98206396361531012040
    548.32 0.96420087055485181882
    548.60 0.93756643662269611994
    548.88 0.90189730467419593207
    549.16 0.85470121602016990714
    549.44 0.79741165887591913819
    549.72 0.73467242986057346155
    550.00 0.67213061203647450625
    550.28 0.61632956633572399952
    550.56 0.57206023896601654322
    550.84 0.54008848363151118477
    551.12 0.51896041734094577880
    551.41 0.50522010690753815787
    551.69 0.49386062629950566727
    551.97 0.47949961493980314264
    552.25 0.46088043036083425896
    552.53 0.43775795978238923878
    552.81 0.41026735486207016601
    553.09 0.38001596288021066705
    553.37 0.34909086062131600148
    553.65 0.31974714710364482428
    553.93 0.29315507286515846141
    554.21 0.26915871600361512828
    554.50 0.24669729216767558033
    554.77 0.22559455294616961862
    555.06 0.20648048358181281259
    555.34 0.18882964979217126134
    555.62 0.17253376299693362617
    555.90 0.15857334258397134952
    556.18 0.14700008376364886997
    556.46 0.13794941126169832368
    556.74 0.13040931752150530798
    557.02 0.12362096327650080874
    557.30 0.11711791402709341436
    557.58 0.11077873978921461140
    557.86 0.10478624260915506139
    558.14 0.09915786471371980382
    558.43 0.09406758463524822478
    558.71 0.08992481683443175056
    558.99 0.08667771250008277084
    559.27 0.08390885286194856019
    559.55 0.08138252892354699841
    559.83 0.07891151834823272038
    560.11 0.07640053742538668868
    560.39 0.07381692037995518652
    560.67 0.07120719119459047175
    560.95 0.06851907438915171011
    561.23 0.06624463873393600377
    561.51 0.06433251328698320892
    561.80 0.06255366215423857623
    562.08 0.06100741386799708732
    562.36 0.05955086846246736287
    562.64 0.05822346721567923933
    562.92 0.05707120504078306428
    563.20 0.05618030319983282478
    563.48 0.05588148133179968863
    563.76 0.05610493639594714421
    564.04 0.05682953974571486322
    564.32 0.05822039519921651252
    564.60 0.06002436859992303642
    564.88 0.06227909214950289041
    565.17 0.06460327740465672541
    565.45 0.06764742385136791880
    565.73 0.07484807683918723309
    566.01 0.08955853007152542178
    566.29 0.11145939623680713171
    566.57 0.13986964341876109708
    566.85 0.17410656715881964174
    567.13 0.21207948958651273719
    567.41 0.25436463565645817120
    567.69 0.29756802451387215358
    567.97 0.33814448089373011497
    568.25 0.37598795196103534932
    568.53 0.41247992351907813990
    568.82 0.44684669115496145064
    569.10 0.47972351373966193311
    569.38 0.50813365852106706644
    569.66 0.53378956987605230555
    569.94 0.55668611071042151117
    570.22 0.57497645299381305861
    570.50 0.58876141006647908505
    570.78 0.59871261006096310187
    571.06 0.60451455688654265330
    571.34 0.60598444849692723047
    571.62 0.60004241772064703664
    571.90 0.58645741478618862441
    572.19 0.56752822961261384371
    572.47 0.54227685162549610354
    572.75 0.51199059225678456020
    573.03 0.47879385329100682123
    573.31 0.44494262121784428077
    573.59 0.41185594577522299797
    573.87 0.38022465519857889804
    574.15 0.35054901030210960933
    574.43 0.32322816842487267497
    574.71 0.29911743015036701410
    574.99 0.27893807081052562902
    575.27 0.26399972515692710084
    575.56 0.25594962548364635913
    575.84 0.25580297083106712241
    576.12 0.26283474824722685703
    576.40 0.27571880235868057030
    576.68 0.29210995579777909725
    576.96 0.30946177998504814655
    577.25 0.32572972849723302868
    577.53 0.34039273614198012341
    577.82 0.35339504582049091619
    578.10 0.36516882198203903798
    578.39 0.37613395807680571892
    578.67 0.38644040264168838528
    578.96 0.39628927035444722060
    579.24 0.40381480614995851619
    579.53 0.40727300921557152424
    579.81 0.40456685284679327896
    580.10 0.39577989589141004956
    580.38 0.38210196445895405759
    580.67 0.36429157354758989751
    580.96 0.34438994156273750047
    581.24 0.32419515387354991276
    581.53 0.30416895162113377626
    581.81 0.28527760345032504574
    582.10 0.26710188151450958705
    582.38 0.24901294404376625446
    582.67 0.23141308866064794203
    582.95 0.21389766252998029805
    583.24 0.19729027326542175613
    583.52 0.18156397245589078748
    583.81 0.16708282818573738648
    584.10 0.15414190763620688740
    584.38 0.14288207982887365932
    584.67 0.13318329718707741516
    584.95 0.12471383313311749930
    585.24 0.11727610580816594243
    585.52 0.11111775387263514436
    585.81 0.10617778073298175801
    586.09 0.10263100119269331911
    586.38 0.10131088745162512843
    586.66 0.10314431807685761622
    586.95 0.11065208737715943876
    587.23 0.12636922333757658055
    587.52 0.15177070346241514076
    587.80 0.18469963085967511240
    588.09 0.22297482264054288570
    588.38 0.26307190791814971664
    588.66 0.30039771007796844948
    588.95 0.33271457232854545483
    589.23 0.36041834105786185738
    589.52 0.38476014617063936107
    589.80 0.41105768229738220976
    590.09 0.44287071678131317842
    590.37 0.48220188008772862931
    590.66 0.53138868660987892412
    590.94 0.58800373133946259863
    591.23 0.64652666895998378571
    591.51 0.70279184514797865546
    591.80 0.75193589944102268152
    592.09 0.79165915444863133033
    592.37 0.82300696617279789358
    592.66 0.84649782272539875194
    592.94 0.86471245686974218536
    593.23 0.87898260480918022353
    593.51 0.88895665719279548522
    593.80 0.89591431367841267708
    594.08 0.89886875724441217539
    594.37 0.89759953657607649546
    594.65 0.89177557363251402922
    594.94 0.88084153317105351455
    595.23 0.86598193353944974415
    595.51 0.84907152398435881135
    595.80 0.83018580784373174897
    596.08 0.81070997440737224693
    596.37 0.79108467030334250758
    596.65 0.77185528085432641987
    596.94 0.75316139507503876427
    597.22 0.73408017922007506861
    597.51 0.71387463947326801339
    597.79 0.69331228501431452216
    598.08 0.67228708007497628429
    598.37 0.65084865478788445081
    598.65 0.62918249068035536631
    598.93 0.60728327999061182396
    599.22 0.58647794609621461959
    599.51 0.56651905513784861501
    599.79 0.54690569776450725925
    600.08 0.52799905777841737997
    600.36 0.50929641675221093422
    600.65 0.49119717095955933717
    600.93 0.47403850834076360909
    601.22 0.45738375882240461801
    601.50 0.44191764074050887690
    601.79 0.42764361864697608695
    602.08 0.41432695635053728989
    602.36 0.40183560834356940594
    602.64 0.39010161479521354710
    602.93 0.37871892339612917011
    603.22 0.36776441989167518720
    603.50 0.35699410084092009221
    603.79 0.34648794107244368368
    604.07 0.33635996359728759231
    604.36 0.32644499633030565899
    604.64 0.31693288988889473101
    604.93 0.30802470775054047181
    605.21 0.29930011272935080902
    605.50 0.29117070383105708720
    605.78 0.28345335474096450268
    606.07 0.27556846128634615578
    606.36 0.26815085566922547411
    606.64 0.26093842661829902418
    606.93 0.25378665282575335604
    607.21 0.24691455199862319403
    607.50 0.24049808241319045599
    607.78 0.23397707893423419501
    608.07 0.22797089421415736576
    608.35 0.22218659441648036523
    608.64 0.21681246001685239300
    608.92 0.21180718946060783647
    609.21 0.20719756049124682384
    609.50 0.20262361811312790127
    609.78 0.19861057474082932650
    610.07 0.19481559333711032100
    610.35 0.19136848366427938739
    610.64 0.18772505507272180258
    610.92 0.18424637189735723619
    611.21 0.18103014132845871020
    611.49 0.17779689520170824379
    611.78 0.17455690770549792123
    612.06 0.17173628458996670343
    612.35 0.16878404263576554656
    612.63 0.16637266331334449321
    612.92 0.16407824248436292391
    613.21 0.16210394283755608091
    613.49 0.16087604079064421470
    613.78 0.16053673657233549776
    614.06 0.16053557603278292842
    614.35 0.16144808438952104601
    614.63 0.16299699509003021114
    614.92 0.16509352685853753706
    615.20 0.16703476819485377214
    615.49 0.16880887476883929543
    615.77 0.17021220602253123166
    616.06 0.17124629796416102057
    616.34 0.17177239785016193419
    616.63 0.17131777354719390782
    616.91 0.17057161488191271981
    617.20 0.16977724262492474572
    617.49 0.16837590818193354236
    617.77 0.16695044134295181082
    618.06 0.16591462565875125801
    618.34 0.16554740022414796141
    618.63 0.16615955070462160026
    618.91 0.16806399611041755726
    619.20 0.17090941722550628823
    619.48 0.17548395694015964108
    619.77 0.18055449077947913206
    620.05 0.18709372155611422861
    620.34 0.19586489176023061387
    620.62 0.20634714100057213737
    620.91 0.21681723870912775198
    621.20 0.22712748916107258768
    621.48 0.23557287201931628728
    621.77 0.24129963977534957253
    622.05 0.24364570461442131011
    622.34 0.24144388801503294251
    622.62 0.23545970234618088246
    622.91 0.22809375780590848692
    623.19 0.22147810208638388230
    623.48 0.21722254008111080426
    623.76 0.21602083550792275379
    624.05 0.21760715654224477289
    624.34 0.22073414503290095245
    624.62 0.22342151090098213984
    624.91 0.22522591097064181831
    625.19 0.22568876145102667596
    625.48 0.22494156171349977136
    625.76 0.22328978966176349363
    626.05 0.22087967327944380003
    626.33 0.21855494188802990219
    626.62 0.21722011660145687517
    626.90 0.21575865596958673787
    627.19 0.21317392958487704768
    627.48 0.20906478329756938983
    627.76 0.20379291291263409991
    628.04 0.19714803890319726465
    628.33 0.18924056612757780838
    628.62 0.18116896233905790958
    628.90 0.17325000363521947389
    629.19 0.16557378543221121237
    629.47 0.15895150781053357658
    629.76 0.15594838985035797130
    630.04 0.15676395902093878676
    630.33 0.16129637797653648135
    630.61 0.16883904879720657011
    630.90 0.17829927229391359655
    631.18 0.18683087641421131098
    631.47 0.19342156346659716837
    631.76 0.19568347212134817870
    632.04 0.19356137434916770301
    632.33 0.18788413432521688939
    632.61 0.17923775625651994226
    632.90 0.16932679967769767582
    633.18 0.16054465554810609662
    633.47 0.15280192818867971427
    633.75 0.14611972917922066983
    634.04 0.14023014455066265538
    634.32 0.13443708950606686470
    634.61 0.12848582561364041421
    634.89 0.12166497626116344610
    635.18 0.11468240230868181895
    635.47 0.10817721971450863783
    635.75 0.10186367974733551156
    636.04 0.09612904421580600878
    636.32 0.09124786605789766969
    636.61 0.08753934485084642614
    636.89 0.08512929673555924559
    637.18 0.08383309352262598158
    637.46 0.08329762398641377130
    637.75 0.08315356348106978102
    638.03 0.08330600376465377432
    638.32 0.08324959812904640655
    638.61 0.08246821367499253264
    638.89 0.08130618931444812125
    639.18 0.07942394776097444486
    639.46 0.07682896425463084378
    639.75 0.07406257929642494353
    640.03 0.07133014012013222382
    640.32 0.06914110652258044498
    640.60 0.06836318662042621674
    640.89 0.06852327281165078443
    641.17 0.06940395166448337649
    641.46 0.07085003514728167862
    641.74 0.07266429980313834913
    642.03 0.07363744635149917228
    642.32 0.07423084046479198894
    642.60 0.07370765899443069979
    642.89 0.07246670087755222034
    643.17 0.07064211083302913974
    643.46 0.06847920644216870523
    643.74 0.06632655917294216774
    644.03 0.06480249767226485547
    644.31 0.06361492437480539830
    644.60 0.06278249324719581415
    644.88 0.06188909965955913250
    645.17 0.06084172978010710803
    645.46 0.05975684716629350163
    645.74 0.05841374450202919955
    646.02 0.05702415198862889611
    646.31 0.05549171070971157388
    646.60 0.05398108074767965503
    646.88 0.05255276376009080513
    647.17 0.05145939896748844000
    647.45 0.05062097740777652538
    647.74 0.04980598850697200847
    648.02 0.04908071955363737388
    648.31 0.04847525924234925843
    648.59 0.04810195804185301433
    648.88 0.04762704136347286482
    649.16 0.04717340693247619454
    649.45 0.04661747435327055766
    649.74 0.04615972683356545092
    650.02 0.04562408662977197188
    650.31 0.04512909944383530769
    650.59 0.04444235016359170815
    650.88 0.04405829690547589939
    651.16 0.04352678685714898160
    651.45 0.04302152548282029559
    651.73 0.04256077421368496122
    652.02 0.04231323795382131020
    652.30 0.04202637988323469631
    652.59 0.04176761369652395861
    652.88 0.04161310833520669855
    653.16 0.04155301627984404195
    653.45 0.04150558775901109360
    653.73 0.04131672701358561628
    654.02 0.04113245722609611132
    654.30 0.04093064281125277648
    654.59 0.04063603643247683944
    654.87 0.04029889969245019354
    655.16 0.04012724223921601552
    655.44 0.03992542782437268067
    655.73 0.03996951126061287773
    656.01 0.03995328077363478197
    656.30 0.03982568968988266928
    656.59 0.03983497400630336971
    656.87 0.03978705054948476066
    657.16 0.03955275809392710951
    657.44 0.03937010964845959887
    657.73 0.03908359291303551558
    658.01 0.03879702497733705097
    658.30 0.03866769308425605650
    658.58 0.03843664331274240786
    658.87 0.03802473710536449780
    659.15 0.03763109232918171454
    659.44 0.03725545298282217227
    659.72 0.03685371856328752832
    660.01 0.03649408783605043866
    660.29 0.03616799328853149975
    660.58 0.03585488654394666103
    660.87 0.03564373661240825830
    661.15 0.03556995701702832247
    661.44 0.03541908687519195603
    661.72 0.03516980980599942325
    662.01 0.03501615778258847927
    662.29 0.03464715740514005826
    662.58 0.03429416564681408985
    662.86 0.03385662516873050309
    663.15 0.03350313847441887399
    663.43 0.03307909780201317984
    663.72 0.03281531398841330827
    664.00 0.03235719100002942133
    664.29 0.03203432206979634628
    664.58 0.03165456963472836754
    664.86 0.03147384973292913224
    665.15 0.03107450465953216778
    665.43 0.03088910846600632573
    665.72 0.03077887427526864936
    666.00 0.03070323440325295125
    666.29 0.03055697228611068544
    666.57 0.03061525526511195069
    666.86 0.03049165780276139048
    667.14 0.03053335189286390458
    667.43 0.03055137438944525996
    667.72 0.03046380485349928918
    668.00 0.03050232452659031729
    668.29 0.03063460896882715806
    668.57 0.03068405136711900572
    668.86 0.03078066628487190898
    669.14 0.03099492236638929851
    669.43 0.03124071781692406430
    669.71 0.03209287811692763948
    670.00 0.03402125111761665488
    670.28 0.03696405515457396734
    670.57 0.04086285364797517805
    670.86 0.04570735534267011957
    671.14 0.05044262978535684477
    671.42 0.05482076524749290858
    671.71 0.05819972735512557449
    672.00 0.05994058788428109630
    672.28 0.06060554291439743807
    672.57 0.06015858158582814558
