    350.23 0.0075715181
    350.50 0.0075996245
    350.76 0.0076512049
    351.02 0.0077004364
    351.29 0.0077097668
    351.55 0.0077308425
    351.81 0.0077777249
    352.07 0.0078598101
    352.34 0.0079442444
    352.60 0.0079371644
    352.86 0.0079324170
    353.12 0.0080192003
    353.39 0.0080402596
    353.65 0.0079580758
    353.91 0.0080612860
    354.18 0.0081292933
    354.44 0.0082583102
    354.70 0.0083450935
    354.96 0.0084295277
    355.23 0.0085303889
    355.49 0.0086922595
    355.75 0.0086265027
    356.02 0.0086241208
    356.28 0.0085724417
    356.54 0.0086639067
    356.81 0.0087600862
    357.07 0.0088445204
    357.33 0.0089242566
    357.59 0.0090626696
    357.86 0.0091471039
    358.12 0.0092315381
    358.38 0.0092854676
    358.65 0.0092971471
    358.91 0.0093182228
    359.17 0.0093040957
    359.43 0.0093627233
    359.70 0.0094541883
    359.96 0.0094823111
    360.22 0.0094400283
    360.49 0.0095573163
    360.75 0.0096675572
    361.01 0.0097660693
    361.27 0.0096909327
    361.54 0.0096791546
    361.80 0.0097049284
    362.06 0.0098339453
    362.33 0.0098104384
    362.59 0.0096907192
    362.85 0.0096507689
    363.11 0.0097563282
    363.38 0.0098501586
    363.64 0.0100026495
    363.90 0.0102044211
    364.17 0.0105587328
    364.43 0.0112204575
    364.69 0.0119760454
    364.95 0.0128043881
    365.22 0.0135646742
    365.48 0.0142475239
    365.74 0.0148998524
    366.01 0.0153222207
    366.27 0.0155474663
    366.53 0.0155122142
    366.80 0.0152352732
    367.06 0.0150521790
    367.32 0.0147189101
    367.58 0.0142471789
    367.85 0.0138083015
    368.11 0.0133365703
    368.37 0.0129305467
    368.63 0.0126090066
    368.90 0.0122546128
    369.16 0.0121419407
    369.42 0.0121020069
    369.69 0.0121488893
    369.95 0.0120432479
    370.21 0.0119587315
    370.48 0.0119680784
    370.74 0.0119680291
    371.00 0.0119374751
    371.26 0.0119186663
    371.53 0.0118529094
    371.79 0.0119467399
    372.05 0.0121039288
    372.32 0.0122798938
    372.58 0.0124112761
    372.84 0.0125449910
    373.11 0.0126294253
    373.37 0.0127396826
    373.63 0.0128804447
    373.89 0.0130306029
    374.16 0.0130493296
    374.42 0.0131056081
    374.68 0.0131830117
    374.95 0.0132439883
    375.21 0.0131758988
    375.47 0.0131265689
    375.74 0.0132086705
    376.00 0.0133165788
    376.26 0.0133775554
    376.52 0.0134009802
    376.79 0.0134338011
    377.05 0.0135933227
    377.31 0.0136707262
    377.58 0.0137387500
    377.84 0.0137739036
    378.10 0.0138020264
    378.37 0.0138254512
    378.63 0.0138582721
    378.89 0.0139826073
    379.15 0.0141233694
    379.42 0.0140412020
    379.68 0.0140787046
    379.94 0.0141303015
    380.20 0.0142100541
    380.47 0.0142686817
    380.73 0.0143273093
    380.99 0.0143366562
    381.26 0.0144445645
    381.52 0.0145008595
    381.78 0.0146979329
    382.05 0.0147495298
    382.31 0.0149067188
    382.57 0.0149606647
    382.83 0.0150474480
    383.10 0.0151459765
    383.36 0.0153031655
    383.62 0.0153219086
    383.89 0.0155401071
    384.15 0.0156339375
    384.41 0.0158005227
    384.68 0.0160492259
    384.94 0.0161688794
    385.20 0.0163190377
    385.46 0.0164198988
    385.73 0.0165066985
    385.99 0.0166263356
    386.25 0.0166638547
    386.52 0.0166685035
    386.78 0.0167506051
    387.04 0.0168937162
    387.31 0.0171494830
    387.57 0.0173442239
    387.83 0.0174568302
    388.09 0.0177055335
    388.36 0.0180199607
    388.62 0.0183554965
    388.88 0.0185291288
    389.15 0.0185877564
    389.41 0.0187848463
    389.67 0.0190664197
    389.94 0.0192306394
    390.20 0.0192752056
    390.46 0.0193338332
    390.72 0.0195004183
    390.99 0.0196693361
    391.25 0.0197209330
    391.51 0.0197584520
    391.77 0.0197168591
    392.04 0.0196851388
    392.30 0.0196650487
    392.56 0.0195993082
    392.83 0.0196297801
    393.09 0.0196581494
    393.35 0.0196948635
    393.62 0.0198192480
    393.88 0.0199993689
    394.14 0.0202339614
    394.40 0.0203881935
    394.67 0.0204591413
    394.93 0.0205098840
    395.19 0.0205569306
    395.46 0.0205901294
    395.72 0.0206277141
    395.98 0.0205798297
    396.25 0.0206199770
    396.51 0.0206746129
    396.77 0.0207693961
    397.03 0.0208507092
    397.30 0.0209602602
    397.56 0.0210993796
    397.82 0.0212729133
    398.09 0.0214229237
    398.35 0.0215671026
    398.61 0.0216959059
    398.88 0.0219045275
    399.14 0.0221074325
    399.40 0.0223607681
    399.66 0.0224764135
    399.93 0.0226248633
    400.19 0.0228672751
    400.45 0.0230527512
    400.72 0.0231247338
    400.98 0.0231823429
    401.24 0.0231345735
    401.50 0.0231614972
    401.77 0.0232243958
    402.03 0.0232136033
    402.29 0.0233728128
    402.56 0.0235746994
    402.82 0.0237655635
    403.08 0.0241649506
    403.35 0.0248216487
    403.61 0.0254479405
    403.87 0.0262768089
    404.13 0.0272390801
    404.40 0.0282015155
    404.66 0.0290835084
    404.93 0.0297037716
    405.20 0.0300428392
    405.47 0.0303901038
    405.75 0.0304305304
    406.02 0.0301786896
    406.29 0.0299281302
    406.56 0.0297140056
    406.83 0.0295125133
    407.10 0.0292511942
    407.37 0.0289133751
    407.64 0.0287028480
    407.91 0.0284193526
    408.19 0.0281406046
    408.46 0.0278924434
    408.73 0.0277166428
    409.00 0.0276001432
    409.27 0.0275179431
    409.54 0.0274738040
    409.81 0.0275142799
    410.08 0.0276227302
    410.35 0.0278413558
    410.62 0.0278575034
    410.90 0.0279454202
    411.17 0.0280276532
    411.44 0.0280146103
    411.71 0.0281975566
    411.98 0.0283615299
    412.25 0.0283946794
    412.52 0.0286481793
    412.79 0.0287525886
    413.06 0.0289567585
    413.34 0.0292423073
    413.61 0.0294321529
    413.88 0.0295346567
    414.15 0.0297064821
    414.42 0.0298485090
    414.69 0.0301305096
    414.96 0.0302680027
    415.23 0.0303816932
    415.50 0.0304162390
    415.78 0.0304446411
    416.05 0.0305399992
    416.32 0.0306845724
    416.59 0.0307368263
    416.86 0.0308371454
    417.13 0.0310097099
    417.40 0.0312504297
    417.67 0.0315085126
    417.94 0.0316907855
    418.22 0.0318013714
    418.49 0.0319693692
    418.76 0.0321497366
    419.03 0.0322091855
    419.30 0.0322576448
    419.57 0.0324134704
    419.84 0.0325182740
    420.11 0.0326069135
    420.39 0.0327307723
    420.66 0.0330221855
    420.93 0.0333182146
    421.20 0.0334758635
    421.47 0.0335565360
    421.74 0.0337008134
    422.01 0.0338731644
    422.28 0.0340601682
    422.56 0.0341296047
    422.83 0.0342391721
    423.10 0.0344121966
    423.37 0.0346661729
    423.64 0.0349084039
    423.91 0.0350394577
    424.18 0.0351038511
    424.45 0.0351175511
    424.72 0.0351662404
    425.00 0.0352900828
    425.27 0.0353240536
    425.54 0.0354602326
    425.81 0.0355577919
    426.08 0.0358005979
    426.35 0.0359878974
    426.62 0.0362206337
    426.89 0.0364442859
    427.16 0.0365672412
    427.44 0.0365405639
    427.71 0.0367856039
    427.98 0.0370492228
    428.25 0.0371962106
    428.52 0.0373436092
    428.79 0.0373759044
    429.06 0.0376068173
    429.33 0.0378417055
    429.60 0.0380783021
    429.88 0.0381777177
    430.15 0.0384071686
    430.42 0.0386107964
    430.69 0.0388857334
    430.96 0.0391923250
    431.23 0.0396312517
    431.50 0.0399573584
    431.77 0.0402900031
    432.04 0.0406779407
    432.31 0.0410815002
    432.59 0.0414996469
    432.86 0.0419958377
    433.13 0.0423786337
    433.40 0.0426005939
    433.67 0.0429419777
    433.94 0.0430640131
    434.21 0.0431140987
    434.48 0.0433792945
    434.75 0.0436880709
    435.03 0.0444015239
    435.30 0.0455238423
    435.57 0.0465952374
    435.84 0.0479716142
    436.11 0.0492511873
    436.39 0.0502974656
    436.66 0.0510161916
    436.94 0.0514796437
    437.21 0.0517070905
    437.49 0.0517677057
    437.76 0.0518446329
    438.03 0.0520666096
    438.31 0.0524165682
    438.58 0.0529848238
    438.86 0.0535989598
    439.13 0.0541532033
    439.40 0.0548140080
    439.68 0.0553510690
    439.95 0.0557287398
    440.23 0.0558720973
    440.50 0.0558414447
    440.78 0.0553972778
    441.05 0.0547905504
    441.32 0.0541007029
    441.60 0.0532759084
    441.87 0.0522951898
    442.15 0.0512071707
    442.42 0.0499204027
    442.69 0.0486524598
    442.97 0.0472509498
    443.24 0.0457624266
    443.52 0.0441219545
    443.79 0.0425958137
    444.07 0.0410484000
    444.34 0.0397345768
    444.62 0.0385117094
    444.89 0.0375779881
    445.16 0.0369383576
    445.44 0.0366264766
    445.71 0.0366604145
    445.99 0.0369109740
    446.26 0.0375667029
    446.53 0.0384204744
    446.81 0.0395024648
    447.08 0.0408412897
    447.36 0.0422705611
    447.63 0.0439562400
    447.90 0.0461038103
    448.18 0.0482177877
    448.45 0.0508852693
    448.73 0.0540317592
    449.00 0.0577561309
    449.28 0.0621134803
    449.55 0.0666946132
    449.82 0.0712952613
    450.10 0.0760370329
    450.37 0.0802124379
    450.65 0.0837700109
    450.92 0.0861008233
    451.19 0.0874493565
    451.47 0.0876406149
    451.74 0.0868738402
    452.02 0.0851759561
    452.29 0.0829766739
    452.57 0.0801381883
    452.84 0.0771538647
    453.12 0.0740793575
    453.39 0.0712415618
    453.66 0.0686641653
    453.94 0.0664999380
    454.21 0.0646092351
    454.49 0.0630499941
    454.76 0.0614840509
    455.03 0.0599262061
    455.31 0.0581843473
    455.58 0.0561050964
    455.86 0.0537703416
    456.13 0.0512128873
    456.40 0.0485270897
    456.68 0.0458924290
    456.95 0.0434337168
    457.23 0.0410488107
    457.50 0.0390450250
    457.78 0.0371454844
    458.05 0.0353824184
    458.32 0.0338912833
    458.60 0.0326380261
    458.87 0.0313114063
    459.15 0.0302082581
    459.42 0.0293311439
    459.70 0.0285065630
    459.97 0.0279706355
    460.24 0.0274756931
    460.52 0.0271728140
    460.79 0.0271003878
    461.07 0.0272079511
    461.34 0.0275603080
    461.62 0.0282475108
    461.89 0.0289530460
    462.16 0.0301257786
    462.44 0.0315240525
    462.71 0.0330157625
    462.99 0.0346475119
    463.26 0.0363496669
    463.54 0.0380730127
    463.81 0.0399242911
    464.08 0.0418128421
    464.36 0.0439388439
    464.63 0.0465773813
    464.91 0.0498788919
    465.18 0.0541711578
    465.45 0.0597396130
    465.73 0.0672172513
    466.00 0.0769491527
    466.28 0.0888776095
    466.55 0.1028136794
    466.82 0.1178908601
    467.10 0.1332450640
    467.37 0.1478523533
    467.65 0.1604283583
    467.92 0.1699831120
    468.20 0.1760106168
    468.47 0.1782857748
    468.74 0.1773007360
    469.02 0.1734067237
    469.29 0.1672861113
    469.57 0.1598236842
    469.84 0.1514726770
    470.12 0.1427891566
    470.39 0.1338668877
    470.66 0.1252147427
    470.94 0.1166277138
    471.21 0.1086441435
    471.49 0.1007256894
    471.76 0.0931547134
    472.04 0.0857891065
    472.31 0.0787992648
    472.58 0.0721446797
    472.86 0.0661007809
    473.13 0.0603729027
    473.41 0.0553274800
    473.68 0.0508635036
    473.95 0.0474106028
    474.23 0.0452873936
    474.50 0.0446216772
    474.78 0.0451012604
    475.05 0.0467391698
    475.32 0.0491595581
    475.60 0.0517414391
    475.87 0.0538377411
    476.15 0.0550460544
    476.42 0.0549197644
    476.70 0.0537328554
    476.97 0.0512793177
    477.25 0.0482208431
    477.52 0.0447878845
    477.79 0.0412715266
    478.07 0.0379346818
    478.34 0.0348996319
    478.62 0.0320766204
    478.89 0.0297117223
    479.16 0.0273474483
    479.44 0.0253083448
    479.71 0.0236039392
    479.99 0.0221107015
    480.26 0.0206161660
    480.54 0.0191844798
    480.81 0.0177850232
    481.08 0.0166757806
    481.36 0.0156303565
    481.63 0.0146396010
    481.91 0.0137427253
    482.18 0.0130076381
    482.45 0.0125597588
    482.73 0.0122326664
    483.00 0.0119294916
    483.28 0.0117339130
    483.55 0.0116986937
    483.83 0.0116856508
    484.10 0.0117744546
    484.37 0.0117836044
    484.65 0.0117698550
    484.92 0.0118744451
    485.20 0.0119490889
    485.47 0.0119851459
    485.75 0.0120924957
    486.02 0.0121931926
    486.29 0.0122751300
    486.57 0.0124645321
    486.84 0.0124519162
    487.12 0.0125547979
    487.39 0.0125709455
    487.67 0.0126688991
    487.94 0.0128255296
    488.21 0.0131110619
    488.49 0.0134738499
    488.76 0.0139979664
    489.04 0.0144617799
    489.31 0.0150243682
    489.58 0.0155477784
    489.86 0.0160760674
    490.13 0.0167535291
    490.41 0.0175095606
    490.68 0.0183828473
    490.95 0.0194929112
    491.23 0.0207719915
    491.50 0.0221748485
    491.78 0.0234533046
    492.05 0.0245425228
    492.33 0.0253980849
    492.60 0.0261357183
    492.87 0.0266097164
    493.15 0.0269418518
    493.42 0.0270910901
    493.70 0.0273736492
    493.97 0.0277215052
    494.25 0.0283092924
    494.52 0.0292134288
    494.79 0.0303025813
    495.07 0.0319475543
    495.34 0.0342443137
    495.62 0.0373950254
    495.89 0.0417398245
    496.17 0.0478146223
    496.44 0.0562150252
    496.71 0.0684310840
    496.99 0.0859653342
    497.26 0.1108576350
    497.54 0.1445371591
    497.81 0.1865176541
    498.08 0.2353487728
    498.36 0.2873987419
    498.63 0.3384475245
    498.91 0.3836173180
    499.18 0.4188554589
    499.45 0.4408470490
    499.73 0.4492193618
    500.00 0.4445203331
    500.28 0.4295168598
    500.55 0.4072741025
    500.83 0.3804126768
    501.10 0.3513266715
    501.38 0.3221175137
    501.65 0.2936957464
    501.92 0.2669414897
    502.20 0.2421937293
    502.47 0.2193499775
    502.75 0.1986902967
    503.02 0.1798462971
    503.29 0.1622469307
    503.57 0.1455406290
    503.84 0.1292383467
    504.12 0.1132751814
    504.39 0.0982599793
    504.67 0.0843116385
    504.94 0.0717482823
    505.21 0.0609055941
    505.49 0.0518791130
    505.76 0.0446284779
    506.04 0.0391658120
    506.31 0.0347967174
    506.58 0.0314968824
    506.86 0.0289046688
    507.13 0.0269557982
    507.41 0.0254059698
    507.68 0.0240843438
    507.96 0.0229674956
    508.23 0.0220374704
    508.50 0.0213686657
    508.78 0.0206946866
    509.05 0.0200558610
    509.33 0.0195951030
    509.60 0.0192784909
    509.88 0.0190126216
    510.15 0.0187595489
    510.42 0.0183855577
    510.70 0.0182191204
    510.97 0.0180547693
    511.25 0.0178297044
    511.52 0.0176192265
    511.80 0.0174375451
    512.07 0.0172534981
    512.34 0.0171830924
    512.62 0.0171341239
    512.89 0.0170926295
    513.17 0.0170918903
    513.44 0.0172609066
    513.71 0.0178412689
    513.99 0.0198555350
    514.26 0.0241403103
    514.54 0.0316256528
    514.81 0.0419062947
    515.09 0.0544777823
    515.36 0.0679880835
    515.63 0.0807029122
    515.91 0.0911556586
    516.18 0.0982128670
    516.46 0.1009138266
    516.73 0.0998952440
    517.00 0.0956170888
    517.28 0.0894338406
    517.55 0.0827338680
    517.83 0.0760940178
    518.10 0.0698075430
    518.38 0.0639952798
    518.65 0.0585322032
    518.92 0.0535974321
    519.20 0.0493681632
    519.47 0.0458083069
    519.75 0.0428743810
    520.02 0.0402665619
    520.29 0.0379031750
    520.57 0.0356455116
    520.84 0.0332582892
    521.12 0.0305599743
    521.39 0.0277708844
    521.67 0.0251038792
    521.94 0.0228173537
    522.21 0.0207290023
    522.49 0.0191628949
    522.76 0.0180012504
    523.04 0.0173035837
    523.31 0.0168970016
    523.59 0.0165860076
    523.86 0.0163488196
    524.13 0.0162444103
    524.41 0.0161608302
    524.68 0.0161144407
    524.96 0.0160564537
    525.23 0.0161051923
    525.50 0.0160588028
    525.78 0.0159752227
    526.05 0.0159634282
    526.33 0.0158797825
    526.60 0.0157889746
    526.88 0.0156398512
    527.15 0.0155375445
    527.42 0.0155650760
    527.70 0.0155462343
    527.97 0.0155226453
    528.25 0.0154849948
    528.52 0.0156241964
    528.79 0.0158824108
    529.07 0.0158890801
    529.34 0.0158957987
    529.62 0.0159371945
    529.89 0.0159415147
    530.17 0.0158967022
    530.44 0.0158754129
    530.72 0.0157911265
    530.99 0.0158611379
    531.26 0.0159007760
    531.54 0.0159661222
    531.81 0.0160077480
    532.09 0.0160728642
    532.36 0.0160867449
    532.63 0.0161006585
    532.91 0.0161500870
    533.18 0.0161900044
    533.46 0.0161757130
    533.73 0.0162462501
    534.00 0.0163283846
    534.28 0.0163587908
    534.55 0.0163939936
    534.83 0.0163373865
    535.10 0.0163492796
    535.38 0.0165029039
    535.65 0.0166519287
    535.92 0.0167276567
    536.20 0.0168766322
    536.47 0.0168978722
    536.75 0.0169025703
    537.02 0.0169049522
    537.29 0.0169027017
    537.57 0.0167773317
    537.84 0.0168010028
    538.12 0.0167822762
    538.39 0.0169055436
    538.67 0.0170286632
    538.94 0.0171802013
    539.22 0.0171872977
    539.49 0.0173552299
    539.76 0.0175020206
    540.04 0.0175802455
    540.31 0.0176558749
    540.59 0.0177905919
    540.86 0.0179492265
    541.13 0.0181789238
    541.41 0.0183586997
    541.68 0.0184807516
    541.96 0.0186971924
    542.23 0.0188641718
    542.50 0.0189648358
    542.78 0.0190408759
    543.05 0.0191215648
    543.33 0.0191808988
    543.60 0.0193963704
    543.88 0.0196752498
    544.15 0.0199300309
    544.42 0.0202621992
    544.70 0.0208176583
    544.97 0.0217804223
    545.25 0.0230962167
    545.52 0.0245901937
    545.80 0.0261420098
    546.07 0.0276995917
    546.35 0.0293229797
    546.63 0.0306154480
    546.91 0.0315005456
    547.19 0.0321775309
    547.47 0.0326280714
    547.75 0.0331191042
    548.04 0.0338931559
    548.32 0.0346571052
    548.60 0.0357313093
    548.88 0.0371773197
    549.16 0.0388437462
    549.44 0.0408291502
    549.72 0.0429838663
    550.00 0.0452313121
    550.28 0.0478500223
    550.56 0.0504696195
    550.84 0.0531772649
    551.12 0.0557757371
    551.41 0.0581877805
    551.69 0.0606849809
    551.97 0.0630933282
    552.25 0.0653275669
    552.53 0.0675181921
    552.81 0.0693937494
    553.09 0.0710181560
    553.37 0.0724660391
    553.65 0.0735638157
    553.93 0.0743364055
    554.21 0.0748538528
    554.50 0.0749838388
    554.77 0.0750959360
    555.06 0.0753626266
    555.34 0.0755166781
    555.62 0.0756196747
    555.90 0.0756925773
    556.18 0.0757824817
    556.46 0.0761976715
    556.74 0.0765451003
    557.02 0.0766524008
    557.30 0.0770385643
    557.58 0.0774826162
    557.86 0.0781551169
    558.14 0.0788046036
    558.43 0.0795421055
    558.71 0.0800977289
    558.99 0.0810194092
    559.27 0.0818858623
    559.55 0.0827162748
    559.83 0.0835535537
    560.11 0.0845268309
    560.39 0.0855428509
    560.67 0.0868078369
    560.95 0.0879179666
    561.23 0.0891943364
    561.51 0.0905339334
    561.80 0.0920838440
    562.08 0.0937789190
    562.36 0.0953295524
    562.64 0.0971502603
    562.92 0.0991613724
    563.20 0.1012184963
    563.48 0.1037226288
    563.76 0.1064937149
    564.04 0.1092996260
    564.32 0.1128886565
    564.60 0.1171476415
    564.88 0.1226956781
    565.17 0.1298754968
    565.45 0.1391085133
    565.73 0.1513618776
    566.01 0.1678776438
    566.29 0.1888462817
    566.57 0.2149734087
    566.85 0.2490655437
    567.13 0.2959390691
    567.41 0.3600800719
    567.69 0.4436080325
    567.97 0.5429137645
    568.25 0.6469232069
    568.53 0.7477013474
    568.82 0.8395798716
    569.10 0.9158029555
    569.38 0.9701281484
    569.66 0.9978050216
    569.94 1.0000000000
    570.22 0.9863932729
    570.50 0.9627809396
    570.78 0.9313843598
    571.06 0.8938824282
    571.34 0.8509580601
    571.62 0.8045605205
    571.90 0.7559666719
    572.19 0.7065065673
    572.47 0.6587522481
    572.75 0.6140868590
    573.03 0.5731495212
    573.31 0.5374792050
    573.59 0.5065014782
    573.87 0.4799644509
    574.15 0.4571781440
    574.43 0.4364473347
    574.71 0.4159015415
    574.99 0.3946598886
    575.27 0.3725366041
    575.56 0.3504003588
    575.84 0.3297149699
    576.12 0.3111048565
    576.40 0.2953159148
    576.68 0.2835166720
    576.96 0.2759797326
    577.25 0.2719662803
    577.53 0.2711252232
    577.82 0.2726492942
    578.10 0.2760368325
    578.39 0.2813055624
    578.67 0.2877726345
    578.96 0.2952407781
    579.24 0.3038708619
    579.53 0.3134616233
    579.81 0.3239372525
    580.10 0.3355340994
    580.38 0.3481286011
    580.67 0.3613710617
    580.96 0.3758777035
    581.24 0.3915292670
    581.53 0.4084999268
    581.81 0.4267707919
    582.10 0.4460139815
    582.38 0.4667741457
    582.67 0.4889583247
    582.95 0.5130350136
    583.24 0.5387048979
    583.52 0.5654852076
    583.81 0.5940120085
    584.10 0.6241364894
    584.38 0.6555735943
    584.67 0.6881402291
    584.95 0.7211617903
    585.24 0.7542866439
    585.52 0.7867965401
    585.81 0.8170510070
    586.09 0.8434407508
    586.38 0.8634751747
    586.66 0.8755486317
    586.95 0.8767252738
    587.23 0.8657181196
    587.52 0.8426453934
    587.80 0.8076674051
    588.09 0.7635634709
    588.38 0.7124959781
    588.66 0.6578517256
    588.95 0.6027947474
    589.23 0.5495494258
    589.52 0.5001680389
    589.80 0.4565120005
    590.09 0.4190756615
    590.37 0.3898765898
    590.66 0.3698899025
    590.94 0.3612311374
    591.23 0.3650960084
    591.51 0.3808766710
    591.80 0.4077694720
    592.09 0.4441425801
    592.37 0.4873161935
    592.66 0.5344836947
    592.94 0.5820944921
    593.23 0.6276013983
    593.51 0.6699498886
    593.80 0.7087260710
    594.08 0.7426970412
    594.37 0.7722072382
    594.65 0.7971296002
    594.94 0.8185212307
    595.23 0.8360013707
    595.51 0.8493047916
    595.80 0.8593919574
    596.08 0.8663176521
    596.37 0.8700458841
    596.65 0.8715811254
    596.94 0.8703704960
    597.22 0.8670288053
    597.51 0.8629762734
    597.79 0.8563211955
    598.08 0.8481720913
    598.37 0.8388649566
    598.65 0.8280475823
    598.93 0.8156098425
    599.22 0.8020024584
    599.51 0.7864185079
    599.79 0.7698594569
    600.08 0.7525434709
    600.36 0.7346361823
    600.65 0.7160539946
    600.93 0.6973175420
    601.22 0.6786750019
    601.50 0.6605302132
    601.79 0.6425298170
    602.08 0.6246627579
    602.36 0.6070029569
    602.64 0.5898678310
    602.93 0.5731420469
    603.22 0.5569297512
    603.50 0.5407827689
    603.79 0.5252819550
    604.07 0.5106361281
    604.36 0.4964508458
    604.64 0.4825623646
    604.93 0.4693881577
    605.21 0.4564709168
    605.50 0.4444411061
    605.78 0.4328209987
    606.07 0.4211985750
    606.36 0.4099764585
    606.64 0.3991746240
    606.93 0.3884288381
    607.21 0.3783210894
    607.50 0.3683539384
    607.78 0.3590544093
    608.07 0.3501035740
    608.35 0.3414514454
    608.64 0.3332432044
    608.92 0.3253440848
    609.21 0.3173917419
    609.50 0.3097385001
    609.78 0.3022455354
    610.07 0.2952695088
    610.35 0.2882175735
    610.64 0.2815191778
    610.92 0.2750510544
    611.21 0.2691374866
    611.49 0.2633798593
    611.78 0.2577365796
    612.06 0.2521524532
    612.35 0.2467339921
    612.63 0.2415195366
    612.92 0.2365303431
    613.21 0.2319603969
    613.49 0.2274087830
    613.78 0.2229752950
    614.06 0.2190655951
    614.35 0.2162789363
    614.63 0.2161727693
    614.92 0.2198205588
    615.20 0.2290571071
    615.49 0.2449229432
    615.77 0.2655839053
    616.06 0.2879278523
    616.34 0.3104382859
    616.63 0.3282425942
    616.91 0.3398671205
    617.20 0.3431731649
    617.49 0.3382914198
    617.77 0.3273265484
    618.06 0.3135157171
    618.34 0.2980314779
    618.63 0.2839728469
    618.91 0.2714123325
    619.20 0.2603396350
    619.48 0.2497423975
    619.77 0.2393946025
    620.05 0.2290426843
    620.34 0.2186409269
    620.62 0.2086230169
    620.91 0.1995976856
    621.20 0.1912830311
    621.48 0.1843226101
    621.77 0.1785339031
    622.05 0.1739441789
    622.34 0.1699742415
    622.62 0.1661200808
    622.91 0.1618189772
    623.19 0.1571626584
    623.48 0.1521068867
    623.76 0.1465686406
    624.05 0.1407242300
    624.34 0.1350802111
    624.62 0.1298608111
    624.91 0.1253295174
    625.19 0.1216268949
    625.48 0.1184950249
    625.76 0.1159764695
    626.05 0.1140074924
    626.33 0.1123694351
    626.62 0.1106092110
    626.90 0.1090793577
    627.19 0.1078125976
    627.48 0.1065365727
    627.76 0.1053958725
    628.04 0.1042194932
    628.33 0.1030935608
    628.62 0.1020457712
    628.90 0.1009525284
    629.19 0.0996861625
    629.47 0.0984722805
    629.76 0.0973838179
    630.04 0.0963732188
    630.33 0.0951581706
    630.61 0.0941123850
    630.90 0.0931438388
    631.18 0.0922628972
    631.47 0.0914488952
    631.76 0.0904881681
    632.04 0.0893054315
    632.33 0.0884301408
    632.61 0.0874741940
    632.90 0.0865278897
    633.18 0.0857105038
    633.47 0.0850808773
    633.75 0.0842379968
    634.04 0.0834753124
    634.32 0.0827344758
    634.61 0.0819066094
    634.89 0.0811029728
    635.18 0.0801801098
    635.47 0.0792784867
    635.75 0.0785791280
    636.04 0.0778855515
    636.32 0.0771122061
    636.61 0.0764047325
    636.89 0.0759057820
    637.18 0.0753429801
    637.46 0.0747151605
    637.75 0.0742020992
    638.03 0.0736680280
    638.32 0.0731484945
    638.61 0.0727221180
    638.89 0.0720415845
    639.18 0.0714220605
    639.46 0.0707918919
    639.75 0.0700136348
    640.03 0.0691898752
    640.32 0.0685566184
    640.60 0.0678359047
    640.89 0.0672582529
    641.17 0.0666867776
    641.46 0.0660565597
    641.74 0.0655527303
    642.03 0.0651716592
    642.32 0.0644845549
    642.60 0.0640367906
    642.89 0.0635575359
    643.17 0.0629775022
    643.46 0.0625201774
    643.74 0.0619975064
    644.03 0.0614662605
    644.31 0.0611501906
    644.60 0.0605758077
    644.88 0.0599480539
    645.17 0.0594005618
    645.46 0.0588217109
    645.74 0.0583000583
    646.02 0.0578842771
    646.31 0.0574795020
    646.60 0.0570916137
    646.88 0.0567078649
    647.17 0.0564803853
    647.45 0.0561450795
    647.74 0.0558272519
    648.02 0.0553606130
    648.31 0.0548590670
    648.59 0.0544471626
    648.88 0.0539542243
    649.16 0.0534185103
    649.45 0.0529892262
    649.74 0.0525024973
    650.02 0.0520158340
    650.31 0.0515269531
    650.59 0.0510388936
    650.88 0.0506145705
    651.16 0.0501164905
    651.45 0.0495943616
    651.73 0.0490480687
    652.02 0.0486385790
    652.30 0.0481625933
    652.59 0.0477202827
    652.88 0.0471934392
    653.16 0.0468431028
    653.45 0.0464994029
    653.73 0.0462652210
    654.02 0.0459439109
    654.30 0.0457049981
    654.59 0.0454928776
    654.87 0.0454822494
    655.16 0.0453572079
    655.44 0.0451651775
    655.73 0.0450513062
    656.01 0.0447900528
    656.30 0.0446091927
    656.59 0.0443903700
    656.87 0.0441866272
    657.16 0.0440392615
    657.44 0.0439670653
    657.73 0.0437622712
    658.01 0.0436913399
    658.30 0.0436034560
    658.58 0.0434475647
    658.87 0.0432684294
    659.15 0.0429259286
    659.44 0.0425527588
    659.72 0.0421454539
    660.01 0.0418153390
    660.29 0.0413913279
    660.58 0.0410485643
    660.87 0.0406605281
    661.15 0.0403259287
    661.44 0.0399790583
    661.72 0.0397812949
    662.01 0.0395145221
    662.29 0.0391602104
    662.58 0.0387426880
    662.86 0.0383037284
    663.15 0.0379761597
    663.43 0.0376513506
    663.72 0.0372667641
    664.00 0.0368915574
    664.29 0.0366367762
    664.58 0.0363589481
    664.86 0.0361808149
    665.15 0.0359998562
    665.43 0.0358163349
    665.72 0.0356596387
    666.00 0.0355076571
    666.29 0.0353915518
    666.57 0.0354482738
    666.86 0.0353433224
    667.14 0.0352681365
    667.43 0.0352888015
    667.72 0.0353613591
    668.00 0.0354837559
    668.29 0.0356139884
    668.57 0.0356668008
    668.86 0.0358542482
    669.14 0.0360187800
    669.43 0.0361905067
    669.71 0.0362302434
    670.00 0.0362034347
    670.28 0.0361786137
    670.57 0.0361190990
    670.86 0.0362025969
    671.14 0.0362955732
    671.42 0.0363680651
    671.71 0.0363842291
    672.00 0.0365037019
    672.28 0.0366667225
    672.57 0.0368128726
    672.85 0.0368125769
    673.14 0.0367103359
    673.42 0.0366174418
    673.71 0.0366147642
    673.99 0.0365810398
    674.28 0.0364033007
    674.57 0.0363137249
    674.85 0.0361575215
    675.13 0.0360902862
    675.42 0.0358121296
    675.71 0.0355962309
    675.99 0.0352956351
    676.28 0.0349879265
    676.56 0.0346710845
    676.85 0.0344096833
    677.13 0.0340167191
    677.42 0.0337311046
    677.70 0.0334218190
    677.99 0.0330440989
    678.27 0.0327011710
    678.56 0.0323367732
    678.85 0.0319295340
    679.13 0.0316231067
    679.42 0.0311936912
    679.70 0.0307255082
    679.99 0.0303229014
    680.27 0.0299833246
    680.56 0.0295256548
    680.84 0.0290067456
    681.13 0.0284168721
    681.41 0.0278811582
    681.70 0.0274695166
    681.99 0.0270401011
    682.27 0.0264831800
    682.56 0.0260587583
    682.84 0.0256303776
    683.13 0.0252551216
    683.41 0.0249643655
    683.70 0.0245811260
    683.98 0.0242176974
    684.27 0.0239776840
    684.55 0.0235680300
    684.84 0.0232481984
    685.12 0.0228232838
    685.41 0.0224499990
    685.70 0.0220933547
    685.98 0.0216093362
    686.27 0.0211557567
    686.55 0.0208760395
    686.84 0.0204357987
    687.12 0.0201612559
    687.41 0.0198097039
    687.69 0.0194465710
    687.98 0.0191463694
    688.26 0.0188348169
    688.55 0.0185355024
    688.83 0.0183172711
    689.12 0.0180539151
    689.40 0.0178468540
    689.69 0.0176062164
    689.98 0.0173679279
    690.26 0.0171487438
    690.55 0.0169655510
    690.83 0.0167989495
    691.12 0.0165847427
    691.40 0.0164109297
    691.69 0.0161844521
    691.97 0.0159724466
    692.26 0.0158366454
    692.54 0.0156533048
    692.83 0.0153962567
    693.12 0.0152246450
    693.40 0.0150388075
    693.69 0.0149198275
    693.97 0.0149750218
    694.26 0.0148777746
    694.54 0.0148113114
    694.83 0.0148211018
    695.11 0.0147454888
    695.40 0.0146960603
    695.68 0.0146561758
    695.97 0.0144710939
    696.25 0.0142951454
    696.54 0.0141243057
    696.83 0.0140553456
    697.12 0.0140339414
    697.41 0.0138960376
    697.70 0.0137819035
    697.99 0.0137625033
    698.28 0.0136840320
    698.57 0.0136218562
    698.86 0.0135390647
    699.15 0.0134467619
    699.44 0.0134001753
    699.73 0.0134081423
    700.02 0.0133377530
    700.31 0.0132775485
    700.60 0.0131679154
    700.89 0.0130881628
    701.18 0.0130179049
    701.47 0.0129377910
    701.76 0.0127930372
    702.05 0.0127716822
    702.34 0.0127432308
    702.63 0.0127095228
    702.92 0.0126360289
    703.21 0.0125127614
    703.50 0.0125459438
    703.79 0.0125844320
    704.08 0.0124474317
    704.37 0.0122940866
    704.66 0.0121951802
    704.95 0.0121578583
    705.24 0.0120779743
    705.53 0.0119536392
    705.82 0.0117843600
    706.11 0.0116767967
    706.40 0.0117768693
    706.68 0.0118130085
    706.98 0.0118325401
    707.26 0.0118717675
    707.55 0.0118575747
    707.85 0.0119474626
    708.13 0.0118938453
    708.42 0.0117675881
    708.72 0.0116547682
    709.00 0.0114977763
    709.29 0.0114637234
    709.58 0.0114138185
    709.87 0.0112889905
    710.16 0.0113094420
    710.45 0.0113462711
    710.74 0.0113484559
    711.03 0.0113248176
    711.32 0.0112414675
    711.61 0.0111903470
    711.90 0.0111149475
    712.19 0.0110623486
    712.48 0.0109500708
    712.77 0.0108958784
    713.06 0.0108676242
    713.35 0.0109076237
    713.64 0.0108691847
    713.93 0.0107949187
    714.22 0.0107551492
    714.51 0.0107779169
    714.80 0.0106924806
    715.09 0.0105639566
    715.38 0.0103422592
    715.67 0.0103548093
    715.96 0.0103369204
    716.25 0.0102970195
    716.54 0.0101513786
    716.83 0.0101319785
    717.12 0.0101206932
    717.41 0.0100944758
    717.70 0.0099108396
    717.99 0.0099202193
    718.28 0.0098953162
    718.57 0.0099356113
    718.86 0.0099569663
    719.15 0.0100000705
    719.44 0.0099622558
    719.73 0.0099655576
    720.02 0.0098633823
    720.31 0.0097191048
    720.60 0.0096699063
    720.89 0.0095880182
    721.18 0.0094826232
    721.47 0.0095565443
    721.76 0.0095434685
    722.05 0.0095046681
    722.34 0.0095221135
    722.63 0.0093860988
    722.92 0.0093098944
    723.21 0.0092464373
    723.50 0.0091197695
    723.79 0.0090926980
    724.08 0.0089744408
    724.37 0.0088936040
    724.66 0.0088772428
    724.95 0.0088258102
    725.24 0.0088258102
    725.53 0.0088515183
    725.82 0.0087194132
    726.11 0.0087369571
    726.40 0.0087791085
    726.69 0.0087767595
    726.98 0.0087323576
    727.27 0.0086762433
    727.56 0.0085804088
    727.85 0.0086621326
    728.14 0.0086644652
    728.43 0.0086269790
    728.72 0.0085977227
    729.00 0.0086105029
    729.29 0.0085590702
    729.59 0.0086220017
    729.88 0.0084982414
    730.16 0.0084795476
    730.46 0.0084597532
    730.75 0.0084468745
    731.03 0.0083721486
    731.32 0.0083826454
    731.61 0.0082053663
    731.90 0.0082765112
    732.19 0.0082613492
    732.48 0.0082823592
    732.77 0.0082660308
    733.06 0.0082730287
    733.35 0.0082823756
    733.64 0.0084036718
    733.93 0.0082999031
    734.22 0.0082613820
    734.51 0.0082123477
    734.80 0.0081960194
    735.09 0.0081424184
    735.38 0.0080142065
    735.67 0.0079792008
    735.96 0.0080048432
    736.25 0.0079232672
    736.54 0.0079349139
    736.83 0.0078638347
    737.12 0.0078731652
    737.41 0.0078824792
    737.70 0.0078404921
    737.99 0.0077752280
    738.28 0.0077809610
    738.57 0.0077156969
    738.86 0.0078077368
    739.15 0.0078298967
    739.44 0.0077426863
    739.73 0.0076985308
    740.02 0.0076671883
    740.31 0.0076661041
    740.60 0.0076008565
    740.89 0.0074878395
    741.18 0.0074190600
    741.47 0.0075668528
    741.76 0.0075270176
    742.05 0.0074837984
    742.34 0.0074092203
    742.63 0.0073998899
    742.92 0.0073895081
    743.21 0.0072636616
    743.50 0.0071434824
    743.79 0.0071318193
    744.08 0.0072238099
    744.37 0.0072691153
    744.66 0.0072248284
    744.95 0.0072165657
    745.24 0.0073504777
    745.53 0.0074635605
    745.82 0.0075346397
    746.11 0.0073933027
    746.40 0.0073686623
    746.69 0.0074370803
    746.98 0.0073981650
    747.27 0.0072694439
    747.56 0.0070798282
    747.85 0.0070341779
    748.14 0.0070431305
    748.43 0.0069960346
    748.72 0.0069419408
    749.01 0.0069275837
    749.30 0.0069612917
    749.59 0.0070969779
    749.88 0.0070793190
    750.17 0.0071495111
    750.46 0.0072313992
    750.75 0.0073356607
    751.04 0.0073848428
    751.33 0.0074337128
    751.62 0.0073806211
    751.90 0.0074223618
    752.20 0.0075052027
    752.49 0.0074846362
    752.77 0.0073833972
    753.07 0.0074123907
    753.36 0.0073956846
    753.64 0.0074084483
    753.93 0.0073591183
    754.22 0.0072629881
    754.51 0.0072783801
    754.80 0.0072733535
    755.09 0.0072344546
    755.38 0.0073248354
    755.67 0.0072374607
    755.96 0.0071501025
    756.25 0.0071532071
    756.54 0.0070211513
    756.83 0.0069585484
    757.12 0.0068419010
    757.41 0.0066994306
    757.70 0.0067088432
    757.99 0.0067713804
    758.28 0.0066913485
    758.57 0.0067619513
    758.86 0.0067501732
    759.15 0.0066936811
    759.44 0.0065336175
    759.73 0.0065242048
    760.02 0.0063730774
    760.31 0.0062632964
    760.60 0.0062157570
    760.89 0.0061898354
    761.18 0.0061874699
    761.47 0.0062566271
    761.76 0.0061939585
    762.05 0.0062495800
    762.34 0.0062181225
    762.63 0.0060961856
    762.92 0.0060278497
    763.21 0.0061074216
    763.50 0.0061602012
    763.80 0.0061648993
    764.09 0.0061266411
    764.39 0.0061589364
    764.69 0.0061959626
    764.98 0.0063561741
    765.28 0.0068288088
    765.58 0.0077514583
    765.87 0.0090259391
    766.17 0.0105235792
    766.47 0.0119551833
    766.76 0.0130730993
    767.06 0.0138990601
    767.35 0.0141379893
    767.65 0.0139646691
    767.95 0.0134559281
    768.24 0.0126846853
    768.54 0.0122106380
    768.84 0.0122302024
    769.13 0.0125870110
    769.43 0.0133187471
    769.73 0.0139939090
    770.02 0.0146277572
    770.32 0.0151117758
    770.62 0.0153626473
    770.91 0.0152266162
    771.21 0.0147842563
    771.50 0.0140050300
    771.80 0.0132922834
    772.10 0.0125297797
    772.39 0.0119767354
    772.69 0.0113352486
    772.99 0.0107891529
    773.28 0.0104104144
    773.58 0.0102090535
    773.88 0.0098654849
    774.17 0.0097383079
    774.47 0.0094986887
    774.77 0.0093261735
    775.06 0.0091868241
    775.36 0.0089760670
    775.66 0.0086592907
    775.95 0.0083685018
    776.25 0.0078721631
    776.54 0.0075007839
    776.84 0.0071810672
    777.14 0.0068711245
    777.43 0.0066337394
    777.73 0.0064895441
    778.03 0.0064070482
    778.32 0.0063587531
    778.62 0.0062466889
    778.92 0.0061524149
    779.21 0.0060538207
    779.51 0.0058832438
    779.81 0.0057597299
    780.10 0.0056501954
    780.40 0.0056560762
    780.70 0.0056436082
    780.99 0.0055509441
    781.29 0.0055633464
    781.59 0.0055481351
    781.88 0.0054948134
    782.18 0.0054061738
    782.48 0.0053212632
    782.77 0.0052866189
    783.07 0.0052844505
    783.36 0.0051939712
    783.66 0.0052171331
    783.96 0.0051925749
    784.25 0.0051819303
    784.55 0.0051658648
    784.85 0.0051436884
    785.14 0.0051928049
    785.44 0.0052710298
    785.74 0.0052879166
    786.03 0.0053232344
    786.33 0.0053424868
    786.63 0.0052629970
    786.92 0.0052058314
    787.22 0.0051210358
    787.51 0.0050616525
    787.81 0.0049762984
    788.11 0.0048398237
    788.40 0.0048179267
    788.70 0.0048571212
    789.00 0.0049350833
    789.29 0.0050556403
    789.59 0.0050832210
    789.89 0.0051108675
    790.18 0.0052435476
    790.48 0.0052300446
    790.78 0.0052158682
    791.07 0.0051862998
    791.37 0.0050463919
    791.67 0.0050821204
    791.96 0.0051930677
    792.26 0.0051232698
    792.55 0.0051825052
    792.85 0.0052038766
    793.15 0.0052001805
    793.45 0.0052769927
    793.74 0.0052519253
    794.04 0.0052374696
    794.33 0.0053269962
    794.63 0.0053269962
    794.93 0.0053823220
    795.22 0.0055113224
    795.52 0.0054429701
    795.82 0.0053860180
    796.11 0.0052744794
    796.41 0.0051826530
    796.71 0.0051234177
    797.00 0.0050831553
    797.30 0.0050064582
    797.60 0.0050854551
    797.89 0.0051803697
    798.19 0.0052858468
    798.49 0.0053427003
    798.78 0.0054140752
    799.08 0.0054497544
    799.37 0.0053850160
    799.67 0.0053933116
    799.97 0.0053689341
