    350.23 0.0033409019
    350.50 0.0033796101
    350.76 0.0033770849
    351.02 0.0034132137
    351.29 0.0033488564
    351.55 0.0033695272
    351.81 0.0034391515
    352.07 0.0033515980
    352.34 0.0032408485
    352.60 0.0031223610
    352.86 0.0031224151
    353.12 0.0031173105
    353.39 0.0031225233
    353.65 0.0030169325
    353.91 0.0030066692
    354.18 0.0030840315
    354.44 0.0031201604
    354.70 0.0030970184
    354.96 0.0031821008
    355.23 0.0032336877
    355.49 0.0032852926
    355.75 0.0033111041
    356.02 0.0033446537
    356.28 0.0034374740
    356.54 0.0033679399
    356.81 0.0031927789
    357.07 0.0030897674
    357.33 0.0031104202
    357.59 0.0030641002
    357.86 0.0030074628
    358.12 0.0030075170
    358.38 0.0031518521
    358.65 0.0032575511
    358.91 0.0032241098
    359.17 0.0032756967
    359.43 0.0033479004
    359.70 0.0033582538
    359.96 0.0033557286
    360.22 0.0032758952
    360.49 0.0032707906
    360.75 0.0032760034
    361.01 0.0031935906
    361.27 0.0031756073
    361.54 0.0032503723
    361.80 0.0032349683
    362.06 0.0031705929
    362.33 0.0031423103
    362.59 0.0031655425
    362.85 0.0031990920
    363.11 0.0031965668
    363.38 0.0031115746
    363.64 0.0030446198
    363.90 0.0030859074
    364.17 0.0031787097
    364.43 0.0032354553
    364.69 0.0033205377
    364.95 0.0033360498
    365.22 0.0032845531
    365.48 0.0033077852
    365.74 0.0033439141
    366.01 0.0032357439
    366.27 0.0032718548
    366.53 0.0032358341
    366.80 0.0032564869
    367.06 0.0033338493
    367.32 0.0032772119
    367.58 0.0032643693
    367.85 0.0032386480
    368.11 0.0031742725
    368.37 0.0031949253
    368.63 0.0031717834
    368.90 0.0031357627
    369.16 0.0032543405
    369.42 0.0033188061
    369.69 0.0033085428
    369.95 0.0032957002
    370.21 0.0032364835
    370.48 0.0032339582
    370.74 0.0032339943
    371.00 0.0032675438
    371.26 0.0032444019
    371.53 0.0033346249
    371.79 0.0034119692
    372.05 0.0034996308
    372.32 0.0035022463
    372.58 0.0036002073
    372.84 0.0034198876
    373.11 0.0034353817
    373.37 0.0034663519
    373.63 0.0034586679
    373.89 0.0033814138
    374.16 0.0033762912
    374.42 0.0033170745
    374.68 0.0033969981
    374.95 0.0033455014
    375.21 0.0032630886
    375.47 0.0031755352
    375.74 0.0031729919
    376.00 0.0032219995
    376.26 0.0032426523
    376.52 0.0031860149
    376.79 0.0032015090
    377.05 0.0032685539
    377.31 0.0033484776
    377.58 0.0033072802
    377.84 0.0032506428
    378.10 0.0032532582
    378.37 0.0033228825
    378.63 0.0032662271
    378.89 0.0032971973
    379.15 0.0032998127
    379.42 0.0033951944
    379.68 0.0034029685
    379.94 0.0034107426
    380.20 0.0034004794
    380.47 0.0034932817
    380.73 0.0034108689
    380.99 0.0033464935
    381.26 0.0032615013
    381.52 0.0032435000
    381.78 0.0033388817
    382.05 0.0034342634
    382.31 0.0034909909
    382.57 0.0036172887
    382.83 0.0036894743
    383.10 0.0037127064
    383.36 0.0037333592
    383.62 0.0035118061
    383.89 0.0034577300
    384.15 0.0033778965
    384.41 0.0032645496
    384.68 0.0032362490
    384.94 0.0032491818
    385.20 0.0032724139
    385.46 0.0033600576
    385.73 0.0033626730
    385.99 0.0033678678
    386.25 0.0033704832
    386.52 0.0033859773
    386.78 0.0034607422
    387.04 0.0035174698
    387.31 0.0035484400
    387.57 0.0035639341
    387.83 0.0034892413
    388.09 0.0034789780
    388.36 0.0034455187
    388.62 0.0034249380
    388.88 0.0033554039
    389.15 0.0034095522
    389.41 0.0033838308
    389.67 0.0033787082
    389.94 0.0034122578
    390.20 0.0034921634
    390.46 0.0034045919
    390.72 0.0033762912
    390.99 0.0033170565
    391.25 0.0033377093
    391.51 0.0034408290
    391.77 0.0033516341
    392.04 0.0033346609
    392.30 0.0034027340
    392.56 0.0034543209
    392.83 0.0034620770
    393.09 0.0034010926
    393.35 0.0033468001
    393.62 0.0035167844
    393.88 0.0034808539
    394.14 0.0035379783
    394.40 0.0035812680
    394.67 0.0035947059
    394.93 0.0036340093
    395.19 0.0037364797
    395.46 0.0037028039
    395.72 0.0036394205
    395.98 0.0035471233
    396.25 0.0035028595
    396.51 0.0035576210
    396.77 0.0035736563
    397.03 0.0035334149
    397.30 0.0034961496
    397.56 0.0036386089
    397.82 0.0037432978
    398.09 0.0036289949
    398.35 0.0035287973
    398.61 0.0036102000
    398.88 0.0036331796
    399.14 0.0036035803
    399.40 0.0034356883
    399.66 0.0033631420
    399.93 0.0034940573
    400.19 0.0035587213
    400.45 0.0035219070
    400.72 0.0035559796
    400.98 0.0035954815
    401.24 0.0037183702
    401.50 0.0037654477
    401.77 0.0037664939
    402.03 0.0038343145
    402.29 0.0039191984
    402.56 0.0039228419
    402.82 0.0039686208
    403.08 0.0040695580
    403.35 0.0040108102
    403.61 0.0040399767
    403.87 0.0039709476
    404.13 0.0038654109
    404.40 0.0038525322
    404.66 0.0038844223
    404.93 0.0038783257
    405.20 0.0038938378
    405.47 0.0039058687
    405.75 0.0039174487
    406.02 0.0039922678
    406.29 0.0039463266
    406.56 0.0038784519
    406.83 0.0038301298
    407.10 0.0039044799
    407.37 0.0039506015
    407.64 0.0040754742
    407.91 0.0041339514
    408.19 0.0042185107
    408.46 0.0042753104
    408.73 0.0042876660
    409.00 0.0042711798
    409.27 0.0043097077
    409.54 0.0043108440
    409.81 0.0043750932
    410.08 0.0045103916
    410.35 0.0046752893
    410.62 0.0048635816
    410.90 0.0050781903
    411.17 0.0051534784
    411.44 0.0052759161
    411.71 0.0053775026
    411.98 0.0053991836
    412.25 0.0054907774
    412.52 0.0055799001
    412.79 0.0057330375
    413.06 0.0059081805
    413.34 0.0060770825
    413.61 0.0062504939
    413.88 0.0065274038
    414.15 0.0067902806
    414.42 0.0070369057
    414.69 0.0072449128
    414.96 0.0075456861
    415.23 0.0078995074
    415.50 0.0082345157
    415.78 0.0086114970
    416.05 0.0090082833
    416.32 0.0094222051
    416.59 0.0098754124
    416.86 0.0103422379
    417.13 0.0107726819
    417.40 0.0112544965
    417.67 0.0117101568
    417.94 0.0122635798
    418.22 0.0128812158
    418.49 0.0135467771
    418.76 0.0142196797
    419.03 0.0147982648
    419.30 0.0155372022
    419.57 0.0162330663
    419.84 0.0168854424
    420.11 0.0175168770
    420.39 0.0180876339
    420.66 0.0188975484
    420.93 0.0198786557
    421.20 0.0206838083
    421.47 0.0215791118
    421.74 0.0224238565
    422.01 0.0233243728
    422.28 0.0243548304
    422.56 0.0252342609
    422.83 0.0260060985
    423.10 0.0268942412
    423.37 0.0279355032
    423.64 0.0291175289
    423.91 0.0301656811
    424.18 0.0311860017
    424.45 0.0322495939
    424.72 0.0335440827
    425.00 0.0347343515
    425.27 0.0358389066
    425.54 0.0370403766
    425.81 0.0384416828
    426.08 0.0398417083
    426.35 0.0412710084
    426.62 0.0426519684
    426.89 0.0441183534
    427.16 0.0455873719
    427.44 0.0470143994
    427.71 0.0485385040
    427.98 0.0499834065
    428.25 0.0514637164
    428.52 0.0530125503
    428.79 0.0547476562
    429.06 0.0564761785
    429.33 0.0582635207
    429.60 0.0600275225
    429.88 0.0618866715
    430.15 0.0638296583
    430.42 0.0656238186
    430.69 0.0674822281
    430.96 0.0694555898
    431.23 0.0713846878
    431.50 0.0735096537
    431.77 0.0756351968
    432.04 0.0776665126
    432.31 0.0800461122
    432.59 0.0821702845
    432.86 0.0845541770
    433.13 0.0868350219
    433.40 0.0892357614
    433.67 0.0918231877
    433.94 0.0943626707
    434.21 0.0966575487
    434.48 0.0992317356
    434.75 0.1014550413
    435.03 0.1040188206
    435.30 0.1066268817
    435.57 0.1092453143
    435.84 0.1121401157
    436.11 0.1151343030
    436.39 0.1182221765
    436.66 0.1215015168
    436.94 0.1246078245
    437.21 0.1276140969
    437.49 0.1306283959
    437.76 0.1337362187
    438.03 0.1372354888
    438.31 0.1405230000
    438.58 0.1441207722
    438.86 0.1479466632
    439.13 0.1514803487
    439.40 0.1554469312
    439.68 0.1593709817
    439.95 0.1630493088
    440.23 0.1671951650
    440.50 0.1711781796
    440.78 0.1750693298
    441.05 0.1794810028
    441.32 0.1837810786
    441.60 0.1881549091
    441.87 0.1926399221
    442.15 0.1971467063
    442.42 0.2019692889
    442.69 0.2069965777
    442.97 0.2116827256
    443.24 0.2165391102
    443.52 0.2215931665
    443.79 0.2269056985
    444.07 0.2319369195
    444.34 0.2370264193
    444.62 0.2422363547
    444.89 0.2476517358
    445.16 0.2529746393
    445.44 0.2582479220
    445.71 0.2634929761
    445.99 0.2691511224
    446.26 0.2745352628
    446.53 0.2800056580
    446.81 0.2856766829
    447.08 0.2910734495
    447.36 0.2968063968
    447.63 0.3024618555
    447.90 0.3082258090
    448.18 0.3140286692
    448.45 0.3196933631
    448.73 0.3248944782
    449.00 0.3304438771
    449.28 0.3353722669
    449.55 0.3401581435
    449.82 0.3445496146
    450.10 0.3486000530
    450.37 0.3523270630
    450.65 0.3560231931
    450.92 0.3591940746
    451.19 0.3619582312
    451.47 0.3644984898
    451.74 0.3665191996
    452.02 0.3685235496
    452.29 0.3697825769
    452.57 0.3706696553
    452.84 0.3707383777
    453.12 0.3709201224
    453.39 0.3705393893
    453.66 0.3694953676
    453.94 0.3679913566
    454.21 0.3664664403
    454.49 0.3642316448
    454.76 0.3616559788
    455.03 0.3585085459
    455.31 0.3547623801
    455.58 0.3508533548
    455.86 0.3464586189
    456.13 0.3417795237
    456.40 0.3369388316
    456.68 0.3323106739
    456.95 0.3270836571
    457.23 0.3220123390
    457.50 0.3169207650
    457.78 0.3117068253
    458.05 0.3060939709
    458.32 0.3011174032
    458.60 0.2957913612
    458.87 0.2906910390
    459.15 0.2857859353
    459.42 0.2809891823
    459.70 0.2761883528
    459.97 0.2718405682
    460.24 0.2671512998
    460.52 0.2630308764
    460.79 0.2591886255
    461.07 0.2549842562
    461.34 0.2509976341
    461.62 0.2474817696
    461.89 0.2440782239
    462.16 0.2410069087
    462.44 0.2378983283
    462.71 0.2348232974
    462.99 0.2324900358
    463.26 0.2300269592
    463.54 0.2275843370
    463.81 0.2254336678
    464.08 0.2232322234
    464.36 0.2210645269
    464.63 0.2188942151
    464.91 0.2164733279
    465.18 0.2145532306
    465.45 0.2127102070
    465.73 0.2106895512
    466.00 0.2085767606
    466.28 0.2066872727
    466.55 0.2049711060
    466.82 0.2033768360
    467.10 0.2013033127
    467.37 0.1991652516
    467.65 0.1972553635
    467.92 0.1958308612
    468.20 0.1939566691
    468.47 0.1921901420
    468.74 0.1904171395
    469.02 0.1888463000
    469.29 0.1872418388
    469.57 0.1856088245
    469.84 0.1836046910
    470.12 0.1820050639
    470.39 0.1803512163
    470.66 0.1784036841
    470.94 0.1766025794
    471.21 0.1747410314
    471.49 0.1731503869
    471.76 0.1719323045
    472.04 0.1703099863
    472.31 0.1686035418
    472.58 0.1670759018
    472.86 0.1655953574
    473.13 0.1643858608
    473.41 0.1627083663
    473.68 0.1608795381
    473.95 0.1594769332
    474.23 0.1581004105
    474.50 0.1568425736
    474.78 0.1557688624
    475.05 0.1546306856
    475.32 0.1535929229
    475.60 0.1526053582
    475.87 0.1517169450
    476.15 0.1508529003
    476.42 0.1501311164
    476.70 0.1491551317
    476.97 0.1483658700
    477.25 0.1477736306
    477.52 0.1472014127
    477.79 0.1467755862
    478.07 0.1465393506
    478.34 0.1461153098
    478.62 0.1458019284
    478.89 0.1455017683
    479.16 0.1451630263
    479.44 0.1448843127
    479.71 0.1447163486
    479.99 0.1447504753
    480.26 0.1449900117
    480.54 0.1453507052
    480.81 0.1456204182
    481.08 0.1460574279
    481.36 0.1465559090
    481.63 0.1469521361
    481.91 0.1475227487
    482.18 0.1482533528
    482.45 0.1491406838
    482.73 0.1499571820
    483.00 0.1505708317
    483.28 0.1516221405
    483.55 0.1527616160
    483.83 0.1538019942
    484.10 0.1547367815
    484.37 0.1556347365
    484.65 0.1568533059
    484.92 0.1583398206
    485.20 0.1596300345
    485.47 0.1608426877
    485.75 0.1622829907
    486.02 0.1638495192
    486.29 0.1657450857
    486.57 0.1674909780
    486.84 0.1692628261
    487.12 0.1710597822
    487.39 0.1729545551
    487.67 0.1746970563
    487.94 0.1763602111
    488.21 0.1778435513
    488.49 0.1796866290
    488.76 0.1816742943
    489.04 0.1835400811
    489.31 0.1856990836
    489.58 0.1876739424
    489.86 0.1899377961
    490.13 0.1921770649
    490.41 0.1943911896
    490.68 0.1966813599
    490.95 0.1989414618
    491.23 0.2010258797
    491.50 0.2033850790
    491.78 0.2056047592
    492.05 0.2077740249
    492.33 0.2099394487
    492.60 0.2120655690
    492.87 0.2144799988
    493.15 0.2168372862
    493.42 0.2191998585
    493.70 0.2218090379
    493.97 0.2247424753
    494.25 0.2272201081
    494.52 0.2300161007
    494.79 0.2327143848
    495.07 0.2356421044
    495.34 0.2385195898
    495.62 0.2411878236
    495.89 0.2433941201
    496.17 0.2464382529
    496.44 0.2494611017
    496.71 0.2522898862
    496.99 0.2550214132
    497.26 0.2577685605
    497.54 0.2607505906
    497.81 0.2640422144
    498.08 0.2669614384
    498.36 0.2697892308
    498.63 0.2727734435
    498.91 0.2757138073
    499.18 0.2784307420
    499.45 0.2812809189
    499.73 0.2837398108
    500.00 0.2865125713
    500.28 0.2891579697
    500.55 0.2918257346
    500.83 0.2945979719
    501.10 0.2977251308
    501.38 0.3007307178
    501.65 0.3040939860
    501.92 0.3069342604
    502.20 0.3094032893
    502.47 0.3119767006
    502.75 0.3146707098
    503.02 0.3171484328
    503.29 0.3195520943
    503.57 0.3219131515
    503.84 0.3243686704
    504.12 0.3271379316
    504.39 0.3297357836
    504.67 0.3322923119
    504.94 0.3352007675
    505.21 0.3377994131
    505.49 0.3408272762
    505.76 0.3433430040
    506.04 0.3458523104
    506.31 0.3481835157
    506.58 0.3503958547
    506.86 0.3524738152
    507.13 0.3549411667
    507.41 0.3568189483
    507.68 0.3588966562
    507.96 0.3609324273
    508.23 0.3632302094
    508.50 0.3654529920
    508.78 0.3676953271
    509.05 0.3698694810
    509.33 0.3722902239
    509.60 0.3749625341
    509.88 0.3775631999
    510.15 0.3802381436
    510.42 0.3829456087
    510.70 0.3851848053
    510.97 0.3870175115
    511.25 0.3887620330
    511.52 0.3908158775
    511.80 0.3928106496
    512.07 0.3945164448
    512.34 0.3960011197
    512.62 0.3977024236
    512.89 0.4000029834
    513.17 0.4021870578
    513.44 0.4038833473
    513.71 0.4058461571
    513.99 0.4080339833
    514.26 0.4102732160
    514.54 0.4121606837
    514.81 0.4136132701
    515.09 0.4152399714
    515.36 0.4170384607
    515.63 0.4186201226
    515.91 0.4198130429
    516.18 0.4211684439
    516.46 0.4228928898
    516.73 0.4244272937
    517.00 0.4259055834
    517.28 0.4271237019
    517.55 0.4285660431
    517.83 0.4300027747
    518.10 0.4312276752
    518.38 0.4329266523
    518.65 0.4346262967
    518.92 0.4361881897
    519.20 0.4378766149
    519.47 0.4390925509
    519.75 0.4402433539
    520.02 0.4410838237
    520.29 0.4416119222
    520.57 0.4419871358
    520.84 0.4427798787
    521.12 0.4435062982
    521.39 0.4443021616
    521.67 0.4454058690
    521.94 0.4466627498
    522.21 0.4476088465
    522.49 0.4487110929
    522.76 0.4489261346
    523.04 0.4496635749
    523.31 0.4504031797
    523.59 0.4510144846
    523.86 0.4519478109
    524.13 0.4528570753
    524.41 0.4535140869
    524.68 0.4547515595
    524.96 0.4555332636
    525.23 0.4563106386
    525.50 0.4570057633
    525.78 0.4579309727
    526.05 0.4585729051
    526.33 0.4593828016
    526.60 0.4593717988
    526.88 0.4598293169
    527.15 0.4602476940
    527.42 0.4606099568
    527.70 0.4605033739
    527.97 0.4606637262
    528.25 0.4611021067
    528.52 0.4622402655
    528.79 0.4624110615
    529.07 0.4627579745
    529.34 0.4633438467
    529.62 0.4636285487
    529.89 0.4638951051
    530.17 0.4639750468
    530.44 0.4642299511
    530.72 0.4648300908
    530.99 0.4654114357
    531.26 0.4656209579
    531.54 0.4660533139
    531.81 0.4666479884
    532.09 0.4671869453
    532.36 0.4673949344
    532.63 0.4674171023
    532.91 0.4671109719
    533.18 0.4670886957
    533.46 0.4675194284
    533.73 0.4676382045
    534.00 0.4675649367
    534.28 0.4675721697
    534.55 0.4680115062
    534.83 0.4686510216
    535.10 0.4687717458
    535.38 0.4687148559
    535.65 0.4687252273
    535.92 0.4690210224
    536.20 0.4690078370
    536.47 0.4689690927
    536.75 0.4690162244
    537.02 0.4696400653
    537.29 0.4696790982
    537.57 0.4694919063
    537.84 0.4693359009
    538.12 0.4697026731
    538.39 0.4697861140
    538.67 0.4697887114
    538.94 0.4695365127
    539.22 0.4696171398
    539.49 0.4701498378
    539.76 0.4703812574
    540.04 0.4705036050
    540.31 0.4707400931
    540.59 0.4707606557
    540.86 0.4708438802
    541.13 0.4712261284
    541.41 0.4713560155
    541.68 0.4714644202
    541.96 0.4715951371
    542.23 0.4716328894
    542.50 0.4720853931
    542.78 0.4723558817
    543.05 0.4723739371
    543.33 0.4723172817
    543.60 0.4727584400
    543.88 0.4730515835
    544.15 0.4734604369
    544.42 0.4735402523
    544.70 0.4738869488
    544.97 0.4741991578
    545.25 0.4743776918
    545.52 0.4744659488
    545.80 0.4747412172
    546.07 0.4747773461
    546.35 0.4748659457
    546.63 0.4750403492
    546.91 0.4750890321
    547.19 0.4755169148
    547.47 0.4757164804
    547.75 0.4759310170
    548.04 0.4760907200
    548.32 0.4763396900
    548.60 0.4763656999
    548.88 0.4768173199
    549.16 0.4770235052
    549.44 0.4770562250
    549.72 0.4769954931
    550.00 0.4773819440
    550.28 0.4777284421
    550.56 0.4781016536
    550.84 0.4781959350
    551.12 0.4785067010
    551.41 0.4792059382
    551.69 0.4799001970
    551.97 0.4801449643
    552.25 0.4803188987
    552.53 0.4806445997
    552.81 0.4813673576
    553.09 0.4818099769
    553.37 0.4820848306
    553.65 0.4824436662
    553.93 0.4831368067
    554.21 0.4836943242
    554.50 0.4840511938
    554.77 0.4839557760
    555.06 0.4846677656
    555.34 0.4849821030
    555.62 0.4851260233
    555.90 0.4855183905
    556.18 0.4860681879
    556.46 0.4868366525
    556.74 0.4873957933
    557.02 0.4874251762
    557.30 0.4879659189
    557.58 0.4886279810
    557.86 0.4889828484
    558.14 0.4893531559
    558.43 0.4898052628
    558.71 0.4904835225
    558.99 0.4911393797
    559.27 0.4915577027
    559.55 0.4919439913
    559.83 0.4925006068
    560.11 0.4928628876
    560.39 0.4932448472
    560.67 0.4935529618
    560.95 0.4939740986
    561.23 0.4943392834
    561.51 0.4944604044
    561.80 0.4947325524
    562.08 0.4952681725
    562.36 0.4955143647
    562.64 0.4959197188
    562.92 0.4961937247
    563.20 0.4966717874
    563.48 0.4973706999
    563.76 0.4979851613
    564.04 0.4983784304
    564.32 0.4986895752
    564.60 0.4990401317
    564.88 0.4991354232
    565.17 0.4996142616
    565.45 0.4999344792
    565.73 0.4998232246
    566.01 0.5000181005
    566.29 0.5002929000
    566.57 0.5002655734
    566.85 0.5007224783
    567.13 0.5008835702
    567.41 0.5013084227
    567.69 0.5018355110
    567.97 0.5018584546
    568.25 0.5022159194
    568.53 0.5025440374
    568.82 0.5029045686
    569.10 0.5031146500
    569.38 0.5031948081
    569.66 0.5034286447
    569.94 0.5041235349
    570.22 0.5040486436
    570.50 0.5043096265
    570.78 0.5045496860
    571.06 0.5047009475
    571.34 0.5048480063
    571.62 0.5048456254
    571.90 0.5048897989
    572.19 0.5056368712
    572.47 0.5059595239
    572.75 0.5064721282
    573.03 0.5066402366
    573.31 0.5066101863
    573.59 0.5069321175
    573.87 0.5065520158
    574.15 0.5064948373
    574.43 0.5067738215
    574.71 0.5063823021
    574.99 0.5068471975
    575.27 0.5070498836
    575.56 0.5071666756
    575.84 0.5078255451
    576.12 0.5080704567
    576.40 0.5081931470
    576.68 0.5083941375
    576.96 0.5081336416
    577.25 0.5081502180
    577.53 0.5079613305
    577.82 0.5080683102
    578.10 0.5077254557
    578.39 0.5073274789
    578.67 0.5072513972
    578.96 0.5077837705
    579.24 0.5078517534
    579.53 0.5080310450
    579.81 0.5078675542
    580.10 0.5077620716
    580.38 0.5078943397
    580.67 0.5077557585
    580.96 0.5072018485
    581.24 0.5073938565
    581.53 0.5072754410
    581.81 0.5070124019
    582.10 0.5073181716
    582.38 0.5073052568
    582.67 0.5072406469
    582.95 0.5070469435
    583.24 0.5064602416
    583.52 0.5066701606
    583.81 0.5071915311
    584.10 0.5071147099
    584.38 0.5072058348
    584.67 0.5071931365
    584.95 0.5072322776
    585.24 0.5075847821
    585.52 0.5075366584
    585.81 0.5072100375
    586.09 0.5073318800
    586.38 0.5069952123
    586.66 0.5069901438
    586.95 0.5067336161
    587.23 0.5065494184
    587.52 0.5066090500
    587.80 0.5063730489
    588.09 0.5060695519
    588.38 0.5062042370
    588.66 0.5061057349
    588.95 0.5061782812
    589.23 0.5059193185
    589.52 0.5051729136
    589.80 0.5045596607
    590.09 0.5039225984
    590.37 0.5032808825
    590.66 0.5027272431
    590.94 0.5022149995
    591.23 0.5016511329
    591.51 0.5010814222
    591.80 0.5006649030
    592.09 0.4999926858
    592.37 0.4989914849
    592.66 0.4976551494
    592.94 0.4966761525
    593.23 0.4958730741
    593.51 0.4946850600
    593.80 0.4933517187
    594.08 0.4921376045
    594.37 0.4914380066
    594.65 0.4909472455
    594.94 0.4898643713
    595.23 0.4887248056
    595.51 0.4876961879
    595.80 0.4866838939
    596.08 0.4859142028
    596.37 0.4851596630
    596.65 0.4844822511
    596.94 0.4841663264
    597.22 0.4840739569
    597.51 0.4845676040
    597.79 0.4855526435
    598.08 0.4866803586
    598.37 0.4874742018
    598.65 0.4883255302
    598.93 0.4885002402
    599.22 0.4884593134
    599.51 0.4880870760
    599.79 0.4871714624
    600.08 0.4857376168
    600.36 0.4846116513
    600.65 0.4836847824
    600.93 0.4827159225
    601.22 0.4816814967
    601.50 0.4808521379
    601.79 0.4798410164
    602.08 0.4790324366
    602.36 0.4777427819
    602.64 0.4763594409
    602.93 0.4758569195
    603.22 0.4749553029
    603.50 0.4741510341
    603.79 0.4736438951
    604.07 0.4731243644
    604.36 0.4728089988
    604.64 0.4723596876
    604.93 0.4714982042
    605.21 0.4707346097
    605.50 0.4696969011
    605.78 0.4688046459
    606.07 0.4677553754
    606.36 0.4665955717
    606.64 0.4654315473
    606.93 0.4655161607
    607.21 0.4670249696
    607.50 0.4703897169
    607.78 0.4763032545
    608.07 0.4855547538
    608.35 0.4980831584
    608.64 0.5134390669
    608.92 0.5289053461
    609.21 0.5437640361
    609.50 0.5566152738
    609.78 0.5659183420
    610.07 0.5709662836
    610.35 0.5716788143
    610.64 0.5693565014
    610.92 0.5648938909
    611.21 0.5598118225
    611.49 0.5558729634
    611.78 0.5552557783
    612.06 0.5595089207
    612.35 0.5701239560
    612.63 0.5873129675
    612.92 0.6114051014
    613.21 0.6411533073
    613.49 0.6737763833
    613.78 0.7057199369
    614.06 0.7345596180
    614.35 0.7573445648
    614.63 0.7720287792
    614.92 0.7781065111
    615.20 0.7760685755
    615.49 0.7670580556
    615.77 0.7540792576
    616.06 0.7371284297
    616.34 0.7184468068
    616.63 0.6994614525
    616.91 0.6803652945
    617.20 0.6616866297
    617.49 0.6440648834
    617.77 0.6272039719
    618.06 0.6122152504
    618.34 0.5991187945
    618.63 0.5872369760
    618.91 0.5776163596
    619.20 0.5696083574
    619.48 0.5625095835
    619.77 0.5559665233
    620.05 0.5492538756
    620.34 0.5413136217
    620.62 0.5324600812
    620.91 0.5226863816
    621.20 0.5120769740
    621.48 0.5009186348
    621.77 0.4898686462
    622.05 0.4790931865
    622.34 0.4695978398
    622.62 0.4612483358
    622.91 0.4539838344
    623.19 0.4475672704
    623.48 0.4425174168
    623.76 0.4384177363
    624.05 0.4355813400
    624.34 0.4335734548
    624.62 0.4320695159
    624.91 0.4307765784
    625.19 0.4299677100
    625.48 0.4295519844
    625.76 0.4294103730
    626.05 0.4292950239
    626.33 0.4289653547
    626.62 0.4288617299
    626.90 0.4287273154
    627.19 0.4286268832
    627.48 0.4287668894
    627.76 0.4291271861
    628.04 0.4297374448
    628.33 0.4321856586
    628.62 0.4359617665
    628.90 0.4426595513
    629.19 0.4542444385
    629.47 0.4736623473
    629.76 0.5034838030
    630.04 0.5465978170
    630.33 0.6021744893
    630.61 0.6690179416
    630.90 0.7424013516
    631.18 0.8162901871
    631.47 0.8837538728
    631.76 0.9391012178
    632.04 0.9775280017
    632.33 0.9977380221
    632.61 1.0000000000
    632.90 0.9883658347
    633.18 0.9669416820
    633.47 0.9413617166
    633.75 0.9168338717
    634.04 0.8971160553
    634.32 0.8859243290
    634.61 0.8847578154
    634.89 0.8924475841
    635.18 0.9071762246
    635.47 0.9247786710
    635.75 0.9402175694
    636.04 0.9496601748
    636.32 0.9503524676
    636.61 0.9411087423
    636.89 0.9217726691
    637.18 0.8944436188
    637.46 0.8611269695
    637.75 0.8246301854
    638.03 0.7869732370
    638.32 0.7474961363
    638.61 0.7074180843
    638.89 0.6674574916
    639.18 0.6279565636
    639.46 0.5898139947
    639.75 0.5532232720
    640.03 0.5189571529
    640.32 0.4881771907
    640.60 0.4611916082
    640.89 0.4382799849
    641.17 0.4183578050
    641.46 0.4011338551
    641.74 0.3858178092
    642.03 0.3719429321
    642.32 0.3586903266
    642.60 0.3452048225
    642.89 0.3308928636
    643.17 0.3166120191
    643.46 0.3018990711
    643.74 0.2879827441
    644.03 0.2748114332
    644.31 0.2629918796
    644.60 0.2524896682
    644.88 0.2437185404
    645.17 0.2364474374
    645.46 0.2308645791
    645.74 0.2263194656
    646.02 0.2237010150
    646.31 0.2229117713
    646.60 0.2246277576
    646.88 0.2294235727
    647.17 0.2367518002
    647.45 0.2459566007
    647.74 0.2564165145
    648.02 0.2664679717
    648.31 0.2751398217
    648.59 0.2813496594
    648.88 0.2841579173
    649.16 0.2838883126
    649.45 0.2809056151
    649.74 0.2759090980
    650.02 0.2701039290
    650.31 0.2636068281
    650.59 0.2571255098
    650.88 0.2510324642
    651.16 0.2451544964
    651.45 0.2400619303
    651.73 0.2351229164
    652.02 0.2299796291
    652.30 0.2254667303
    652.59 0.2213043700
    652.88 0.2173693168
    653.16 0.2138721751
    653.45 0.2101024886
    653.73 0.2068166188
    654.02 0.2038354544
    654.30 0.2005109124
    654.59 0.1970294633
    654.87 0.1932047808
    655.16 0.1891569759
    655.44 0.1849498107
    655.73 0.1805930976
    656.01 0.1760475872
    656.30 0.1716516428
    656.59 0.1672728520
    656.87 0.1632544660
    657.16 0.1593880991
    657.44 0.1561032574
    657.73 0.1528768388
    658.01 0.1500914162
    658.30 0.1475166521
    658.58 0.1450729115
    658.87 0.1427919403
    659.15 0.1406228730
    659.44 0.1383740624
    659.72 0.1364200188
    660.01 0.1344562349
    660.29 0.1325948132
    660.58 0.1308478026
    660.87 0.1290021275
    661.15 0.1274390621
    661.44 0.1258830493
    661.72 0.1241557716
    662.01 0.1224005720
    662.29 0.1206515232
    662.58 0.1188242643
    662.86 0.1172240058
    663.15 0.1154857614
    663.43 0.1137430256
    663.72 0.1120276706
    664.00 0.1104249771
    664.29 0.1087811584
    664.58 0.1076549403
    664.86 0.1061817733
    665.15 0.1047706187
    665.43 0.1035973592
    665.72 0.1024153154
    666.00 0.1011663711
    666.29 0.1000714659
    666.57 0.0986700335
    666.86 0.0976304310
    667.14 0.0964939316
    667.43 0.0952797994
    667.72 0.0943672522
    668.00 0.0933550665
    668.29 0.0923548756
    668.57 0.0914503731
    668.86 0.0904514629
    669.14 0.0897406457
    669.43 0.0889982812
    669.71 0.0884266766
    670.00 0.0879846164
    670.28 0.0875997889
    670.57 0.0873806888
    670.86 0.0870591725
    671.14 0.0863606208
    671.42 0.0856199337
    671.71 0.0847451387
    672.00 0.0838202540
    672.28 0.0827333935
    672.57 0.0817071025
    672.85 0.0808357527
    673.14 0.0800131579
    673.42 0.0792470382
    673.71 0.0784450421
    673.99 0.0776506938
    674.28 0.0766927285
    674.57 0.0756311744
    674.85 0.0744632540
    675.13 0.0733887491
    675.42 0.0723924724
    675.71 0.0714639440
    675.99 0.0706242859
    676.28 0.0699218020
    676.56 0.0690381146
    676.85 0.0682318977
    677.13 0.0675042878
    677.42 0.0668140874
    677.70 0.0658097299
    677.99 0.0647882008
    678.27 0.0638542072
    678.56 0.0631047179
    678.85 0.0623504126
    679.13 0.0615889465
    679.42 0.0606989641
    679.70 0.0600343948
    679.99 0.0594277074
    680.27 0.0587272618
    680.56 0.0579659039
    680.84 0.0572411619
    681.13 0.0564927909
    681.41 0.0559285095
    681.70 0.0552326994
    681.99 0.0545001292
    682.27 0.0539278572
    682.56 0.0533891889
    682.84 0.0528706682
    683.13 0.0524112922
    683.41 0.0517822746
    683.70 0.0511657930
    683.98 0.0506040909
    684.27 0.0500631317
    684.55 0.0495307584
    684.84 0.0490630491
    685.12 0.0484719821
    685.41 0.0478140867
    685.70 0.0474277079
    685.98 0.0469395803
    686.27 0.0465023361
    686.55 0.0458853495
    686.84 0.0452029232
    687.12 0.0445608284
    687.41 0.0441597312
    687.69 0.0436970543
    687.98 0.0432968048
    688.26 0.0427174080
    688.55 0.0423787923
    688.83 0.0417615170
    689.12 0.0414366818
    689.40 0.0409532258
    689.69 0.0403724763
    689.98 0.0397554174
    690.26 0.0393420908
    690.55 0.0389504632
    690.83 0.0387152738
    691.12 0.0382762259
    691.40 0.0378685991
    691.69 0.0373819505
    691.97 0.0370598931
    692.26 0.0366779515
    692.54 0.0363143179
    692.83 0.0360137971
    693.12 0.0357104805
    693.40 0.0353913451
    693.69 0.0350382633
    693.97 0.0347067363
    694.26 0.0343334887
    694.54 0.0337774143
    694.83 0.0333702745
    695.11 0.0329607357
    695.40 0.0326819319
    695.68 0.0325105047
    695.97 0.0320805296
    696.25 0.0316523762
    696.54 0.0313243123
    696.83 0.0308674615
    697.12 0.0303427000
    697.41 0.0298623465
    697.70 0.0293793595
    697.99 0.0291410135
    698.28 0.0289217150
    698.57 0.0287354610
    698.86 0.0285852096
    699.15 0.0284663613
    699.44 0.0282886571
    699.73 0.0280146873
    700.02 0.0276102892
    700.31 0.0272256961
    700.60 0.0267151661
    700.89 0.0263817090
    701.18 0.0260978727
    701.47 0.0257971716
    701.76 0.0256017726
    702.05 0.0254141838
    702.34 0.0252215807
    702.63 0.0251523171
    702.92 0.0249441116
    703.21 0.0246604016
    703.50 0.0242569776
    703.79 0.0239358039
    704.08 0.0236459252
    704.37 0.0233771682
    704.66 0.0230329969
    704.95 0.0227564839
    705.24 0.0225788698
    705.53 0.0225177952
    705.82 0.0222592113
    706.11 0.0220734262
    706.40 0.0218000156
    706.68 0.0215448769
    706.98 0.0213000735
    707.26 0.0210315690
    707.55 0.0206497357
    707.85 0.0204964901
    708.13 0.0201742343
    708.42 0.0198830929
    708.72 0.0195947293
    709.00 0.0192803016
    709.29 0.0190051053
    709.58 0.0187946632
    709.87 0.0185347806
    710.16 0.0183583569
    710.45 0.0182908791
    710.74 0.0182131380
    711.03 0.0181121647
    711.32 0.0179440383
    711.61 0.0178457165
    711.90 0.0175973598
    712.19 0.0173544323
    712.48 0.0171166095
    712.77 0.0168993131
    713.06 0.0166977093
    713.35 0.0165840016
    713.64 0.0163492271
    713.93 0.0162702053
    714.22 0.0161369632
    714.51 0.0159748793
    714.80 0.0159598902
    715.09 0.0158697754
    715.38 0.0157412411
    715.67 0.0155661522
    715.96 0.0154454641
    716.25 0.0154274447
    716.54 0.0153474850
    716.83 0.0151470356
    717.12 0.0149034768
    717.41 0.0146905095
    717.70 0.0146580422
    717.99 0.0144006127
    718.28 0.0142156754
    718.57 0.0139932925
    718.86 0.0138276913
    719.15 0.0136971187
    719.44 0.0134927011
    719.73 0.0132900691
    720.02 0.0131750267
    720.31 0.0129261649
    720.60 0.0128181571
    720.89 0.0126845722
    721.18 0.0126460083
    721.47 0.0125552442
    721.76 0.0124223809
    722.05 0.0123743654
    722.34 0.0123084026
    722.63 0.0122047238
    722.92 0.0120514962
    723.21 0.0118117433
    723.50 0.0116722783
    723.79 0.0114857898
    724.08 0.0113448457
    724.37 0.0112937458
    724.66 0.0112347095
    724.95 0.0111577259
    725.24 0.0110422326
    725.53 0.0109318799
    725.82 0.0108739618
    726.11 0.0107447961
    726.40 0.0105504253
    726.69 0.0103348425
    726.98 0.0101757167
    727.27 0.0101064352
    727.56 0.0100499601
    727.85 0.0099576628
    728.14 0.0098243485
    728.43 0.0097113624
    728.72 0.0096099562
    729.00 0.0095008661
    729.29 0.0095057543
    729.59 0.0092647207
    729.88 0.0090750036
    730.16 0.0090467931
    730.46 0.0090634957
    730.75 0.0090237594
    731.03 0.0090186367
    731.32 0.0088457124
    731.61 0.0089123064
    731.90 0.0088778369
    732.19 0.0087995727
    732.48 0.0086508726
    732.77 0.0084920715
    733.06 0.0084638790
    733.35 0.0083869496
    733.64 0.0082537616
    733.93 0.0082603091
    734.22 0.0082412797
    734.51 0.0081212229
    734.80 0.0080648741
    735.09 0.0077911027
    735.38 0.0076685207
    735.67 0.0076045060
    735.96 0.0074842328
    736.25 0.0073818887
    736.54 0.0074049224
    736.83 0.0073271091
    737.12 0.0073859651
    737.41 0.0073066367
    737.70 0.0072426040
    737.99 0.0071965546
    738.28 0.0071336221
    738.57 0.0070235941
    738.86 0.0070481791
    739.15 0.0069295472
    739.44 0.0068979096
    739.73 0.0069215206
    740.02 0.0068310811
    740.31 0.0067353567
    740.60 0.0065971904
    740.89 0.0064267552
    741.18 0.0063816437
    741.47 0.0063953701
    741.76 0.0062641843
    742.05 0.0062778746
    742.34 0.0061371470
    742.63 0.0061192359
    742.92 0.0060826200
    743.21 0.0060160801
    743.50 0.0058479717
    743.79 0.0058403058
    744.08 0.0057336327
    744.37 0.0056652891
    744.66 0.0056473780
    744.95 0.0057019230
    745.24 0.0056233522
    745.53 0.0056728467
    745.82 0.0055865379
    746.11 0.0055642797
    746.40 0.0055957910
    746.69 0.0055468737
    746.98 0.0053441335
    747.27 0.0054251935
    747.56 0.0054833640
    747.85 0.0054918596
    748.14 0.0054060919
    748.43 0.0053870805
    748.72 0.0054657415
    749.01 0.0055339228
    749.30 0.0054165897
    749.59 0.0052418976
    749.88 0.0052915004
    750.17 0.0053968387
    750.46 0.0053351870
    750.75 0.0052341596
    751.04 0.0051338717
    751.33 0.0050271987
    751.62 0.0050576818
    751.90 0.0048985561
    752.20 0.0047192825
    752.49 0.0046917755
    752.77 0.0046199146
    753.07 0.0047043476
    753.36 0.0047520023
    753.64 0.0046728002
    753.93 0.0046573241
    754.22 0.0046715195
    754.51 0.0046167039
    754.80 0.0046077033
    755.09 0.0045077221
    755.38 0.0044231809
    755.67 0.0044193389
    755.96 0.0044336065
    756.25 0.0044122863
    756.54 0.0044936349
    756.83 0.0044917049
    757.12 0.0043527629
    757.41 0.0043740110
    757.70 0.0042861509
    757.99 0.0041563719
    758.28 0.0041486158
    758.57 0.0040917620
    758.86 0.0040788292
    759.15 0.0041486158
    759.44 0.0041434571
    759.73 0.0041253656
    760.02 0.0041471728
    760.31 0.0041296946
    760.60 0.0040092590
    760.89 0.0038592060
    761.18 0.0039057244
    761.47 0.0038856308
    761.76 0.0039430979
    762.05 0.0039502948
    762.34 0.0039393461
    762.63 0.0039822571
    762.92 0.0039900312
    763.21 0.0039549665
    763.50 0.0038493576
    763.80 0.0037277676
    764.09 0.0035968704
    764.39 0.0034789239
    764.69 0.0034696888
    764.98 0.0035033285
    765.28 0.0034769037
    765.58 0.0035928480
    765.87 0.0036917650
    766.17 0.0037849822
    766.47 0.0038005304
    766.76 0.0037176667
    767.06 0.0037135542
    767.35 0.0037327640
    767.65 0.0036717255
    767.95 0.0035676498
    768.24 0.0034847861
    768.54 0.0034692559
    768.84 0.0035251898
    769.13 0.0034905039
    769.43 0.0034966186
    769.73 0.0033684089
    770.02 0.0034144403
    770.32 0.0034703922
    770.62 0.0034405765
    770.91 0.0034581449
    771.21 0.0034343896
    771.50 0.0034250102
    771.80 0.0035341183
    772.10 0.0034526615
    772.39 0.0033866988
    772.69 0.0033133047
    772.99 0.0032674537
    773.28 0.0032574068
    773.58 0.0032275189
    773.88 0.0031730280
    774.17 0.0031695648
    774.47 0.0031532410
    774.77 0.0031778259
    775.06 0.0030866109
    775.36 0.0030805683
    775.66 0.0030841758
    775.95 0.0030409943
    776.25 0.0029978670
    776.54 0.0029833469
    776.84 0.0030773397
    777.14 0.0031533131
    777.43 0.0030952869
    777.73 0.0029051007
    778.03 0.0029737149
    778.32 0.0029780439
    778.62 0.0029435925
    778.92 0.0028779003
    779.21 0.0028938634
    779.51 0.0028643001
    779.81 0.0029347000
    780.10 0.0028976152
    780.40 0.0028807683
    780.70 0.0028461726
    780.99 0.0027803181
    781.29 0.0026485370
    781.59 0.0026720938
    781.88 0.0027913750
    782.18 0.0027630563
    782.48 0.0028168438
    782.77 0.0028501949
    783.07 0.0029351329
    783.36 0.0030347714
    783.66 0.0030967840
    783.96 0.0030047392
    784.25 0.0030216222
    784.55 0.0030279172
    784.85 0.0030877292
    785.14 0.0030944571
    785.44 0.0029833108
    785.74 0.0029193863
    786.03 0.0028857646
    786.33 0.0028597186
    786.63 0.0028210645
    786.92 0.0027895713
    787.22 0.0026725267
    787.51 0.0026805173
    787.81 0.0026488797
    788.11 0.0026645722
    788.40 0.0026199658
    788.70 0.0025534800
    789.00 0.0024167927
    789.29 0.0024832063
    789.59 0.0025021997
    789.89 0.0025187039
    790.18 0.0025325386
    790.48 0.0025840533
    790.78 0.0026452722
    791.07 0.0027870641
    791.37 0.0027616494
    791.67 0.0027537851
    791.96 0.0027133994
    792.26 0.0025901139
    792.55 0.0024475284
    792.85 0.0023743327
    793.15 0.0021987568
    793.45 0.0021758854
    793.74 0.0022209248
    794.04 0.0022755780
    794.33 0.0024184702
    794.63 0.0025285523
    794.93 0.0025238806
    795.22 0.0026494389
    795.52 0.0026844674
    795.82 0.0025668818
    796.11 0.0025743853
    796.41 0.0025214817
    796.71 0.0025114709
    797.00 0.0026043634
    797.30 0.0026598103
    797.60 0.0026169535
    797.89 0.0026766573
    798.19 0.0026069969
    798.49 0.0025279030
    798.78 0.0024306093
    799.08 0.0024038419
    799.37 0.0023695528
    799.67 0.0024239355
    799.97 0.0025106412
