    350.00 0.0533000000
    351.00 0.0539000000
    352.00 0.0545000000
    353.00 0.0549000000
    354.00 0.0554000000
    355.00 0.0556000000
    356.00 0.0558000000
    357.00 0.0559000000
    358.00 0.0560000000
    359.00 0.0563000000
    360.00 0.0563000000
    361.00 0.0560000000
    362.00 0.0559000000
    363.00 0.0560000000
    364.00 0.0558000000
    365.00 0.0556000000
    366.00 0.0555000000
    367.00 0.0557000000
    368.00 0.0557000000
    369.00 0.0554000000
    370.00 0.0553000000
    371.00 0.0552000000
    372.00 0.0549000000
    373.00 0.0547000000
    374.00 0.0549000000
    375.00 0.0550000000
    376.00 0.0545000000
    377.00 0.0545000000
    378.00 0.0551000000
    379.00 0.0554000000
    380.00 0.0554000000
    381.00 0.0557000000
    382.00 0.0558000000
    383.00 0.0558000000
    384.00 0.0559000000
    385.00 0.0563000000
    386.00 0.0563000000
    387.00 0.0565000000
    388.00 0.0568000000
    389.00 0.0569000000
    390.00 0.0569000000
    391.00 0.0572000000
    392.00 0.0574000000
    393.00 0.0577000000
    394.00 0.0578000000
    395.00 0.0580000000
    396.00 0.0585000000
    397.00 0.0585000000
    398.00 0.0587000000
    399.00 0.0590000000
    400.00 0.0593000000
    401.00 0.0594000000
    402.00 0.0596000000
    403.00 0.0599000000
    404.00 0.0601000000
    405.00 0.0602000000
    406.00 0.0603000000
    407.00 0.0604000000
    408.00 0.0605000000
    409.00 0.0606000000
    410.00 0.0608000000
    411.00 0.0605000000
    412.00 0.0605000000
    413.00 0.0605000000
    414.00 0.0605000000
    415.00 0.0604000000
    416.00 0.0603000000
    417.00 0.0602000000
    418.00 0.0601000000
    419.00 0.0601000000
    420.00 0.0599000000
    421.00 0.0596000000
    422.00 0.0596000000
    423.00 0.0594000000
    424.00 0.0593000000
    425.00 0.0589000000
    426.00 0.0587000000
    427.00 0.0585000000
    428.00 0.0582000000
    429.00 0.0577000000
    430.00 0.0574000000
    431.00 0.0572000000
    432.00 0.0569000000
    433.00 0.0565000000
    434.00 0.0560000000
    435.00 0.0557000000
    436.00 0.0552000000
    437.00 0.0547000000
    438.00 0.0542000000
    439.00 0.0536000000
    440.00 0.0530000000
    441.00 0.0524000000
    442.00 0.0517000000
    443.00 0.0511000000
    444.00 0.0505000000
    445.00 0.0499000000
    446.00 0.0494000000
    447.00 0.0486000000
    448.00 0.0479000000
    449.00 0.0471000000
    450.00 0.0464000000
    451.00 0.0457000000
    452.00 0.0450000000
    453.00 0.0443000000
    454.00 0.0436000000
    455.00 0.0428000000
    456.00 0.0422000000
    457.00 0.0414000000
    458.00 0.0406000000
    459.00 0.0399000000
    460.00 0.0392000000
    461.00 0.0384000000
    462.00 0.0379000000
    463.00 0.0371000000
    464.00 0.0364000000
    465.00 0.0358000000
    466.00 0.0351000000
    467.00 0.0345000000
    468.00 0.0339000000
    469.00 0.0333000000
    470.00 0.0328000000
    471.00 0.0322000000
    472.00 0.0316000000
    473.00 0.0312000000
    474.00 0.0307000000
    475.00 0.0303000000
    476.00 0.0299000000
    477.00 0.0294000000
    478.00 0.0290000000
    479.00 0.0285000000
    480.00 0.0281000000
    481.00 0.0276000000
    482.00 0.0275000000
    483.00 0.0272000000
    484.00 0.0269000000
    485.00 0.0265000000
    486.00 0.0264000000
    487.00 0.0261000000
    488.00 0.0259000000
    489.00 0.0257000000
    490.00 0.0255000000
    491.00 0.0252000000
    492.00 0.0250000000
    493.00 0.0249000000
    494.00 0.0247000000
    495.00 0.0244000000
    496.00 0.0242000000
    497.00 0.0241000000
    498.00 0.0238000000
    499.00 0.0237000000
    500.00 0.0235000000
    501.00 0.0234000000
    502.00 0.0232000000
    503.00 0.0231000000
    504.00 0.0230000000
    505.00 0.0228000000
    506.00 0.0227000000
    507.00 0.0226000000
    508.00 0.0225000000
    509.00 0.0224000000
    510.00 0.0223000000
    511.00 0.0223000000
    512.00 0.0222000000
    513.00 0.0221000000
    514.00 0.0221000000
    515.00 0.0221000000
    516.00 0.0220000000
    517.00 0.0220000000
    518.00 0.0220000000
    519.00 0.0221000000
    520.00 0.0221000000
    521.00 0.0221000000
    522.00 0.0221000000
    523.00 0.0222000000
    524.00 0.0223000000
    525.00 0.0223000000
    526.00 0.0224000000
    527.00 0.0225000000
    528.00 0.0225000000
    529.00 0.0226000000
    530.00 0.0227000000
    531.00 0.0227000000
    532.00 0.0229000000
    533.00 0.0229000000
    534.00 0.0229000000
    535.00 0.0230000000
    536.00 0.0231000000
    537.00 0.0231000000
    538.00 0.0232000000
    539.00 0.0233000000
    540.00 0.0234000000
    541.00 0.0235000000
    542.00 0.0236000000
    543.00 0.0236000000
    544.00 0.0237000000
    545.00 0.0238000000
    546.00 0.0239000000
    547.00 0.0241000000
    548.00 0.0242000000
    549.00 0.0244000000
    550.00 0.0245000000
    551.00 0.0248000000
    552.00 0.0250000000
    553.00 0.0252000000
    554.00 0.0254000000
    555.00 0.0258000000
    556.00 0.0261000000
    557.00 0.0264000000
    558.00 0.0268000000
    559.00 0.0272000000
    560.00 0.0277000000
    561.00 0.0283000000
    562.00 0.0290000000
    563.00 0.0297000000
    564.00 0.0304000000
    565.00 0.0312000000
    566.00 0.0321000000
    567.00 0.0332000000
    568.00 0.0343000000
    569.00 0.0355000000
    570.00 0.0368000000
    571.00 0.0383000000
    572.00 0.0399000000
    573.00 0.0417000000
    574.00 0.0437000000
    575.00 0.0458000000
    576.00 0.0481000000
    577.00 0.0506000000
    578.00 0.0533000000
    579.00 0.0563000000
    580.00 0.0595000000
    581.00 0.0630000000
    582.00 0.0668000000
    583.00 0.0707000000
    584.00 0.0750000000
    585.00 0.0794000000
    586.00 0.0842000000
    587.00 0.0893000000
    588.00 0.0947000000
    589.00 0.1003000000
    590.00 0.1063000000
    591.00 0.1126000000
    592.00 0.1191000000
    593.00 0.1256000000
    594.00 0.1326000000
    595.00 0.1396000000
    596.00 0.1469000000
    597.00 0.1543000000
    598.00 0.1618000000
    599.00 0.1693000000
    600.00 0.1770000000
    601.00 0.1848000000
    602.00 0.1924000000
    603.00 0.2000000000
    604.00 0.2074000000
    605.00 0.2148000000
    606.00 0.2221000000
    607.00 0.2292000000
    608.00 0.2360000000
    609.00 0.2428000000
    610.00 0.2493000000
    611.00 0.2556000000
    612.00 0.2612000000
    613.00 0.2670000000
    614.00 0.2723000000
    615.00 0.2771000000
    616.00 0.2816000000
    617.00 0.2860000000
    618.00 0.2901000000
    619.00 0.2940000000
    620.00 0.2974000000
    621.00 0.3005000000
    622.00 0.3037000000
    623.00 0.3066000000
    624.00 0.3093000000
    625.00 0.3117000000
    626.00 0.3138000000
    627.00 0.3159000000
    628.00 0.3178000000
    629.00 0.3198000000
    630.00 0.3217000000
    631.00 0.3236000000
    632.00 0.3252000000
    633.00 0.3268000000
    634.00 0.3287000000
    635.00 0.3308000000
    636.00 0.3326000000
    637.00 0.3347000000
    638.00 0.3370000000
    639.00 0.3389000000
    640.00 0.3411000000
    641.00 0.3434000000
    642.00 0.3458000000
    643.00 0.3482000000
    644.00 0.3506000000
    645.00 0.3535000000
    646.00 0.3567000000
    647.00 0.3599000000
    648.00 0.3635000000
    649.00 0.3669000000
    650.00 0.3703000000
    651.00 0.3738000000
    652.00 0.3777000000
    653.00 0.3823000000
    654.00 0.3868000000
    655.00 0.3911000000
    656.00 0.3954000000
    657.00 0.4002000000
    658.00 0.4055000000
    659.00 0.4105000000
    660.00 0.4157000000
    661.00 0.4211000000
    662.00 0.4264000000
    663.00 0.4322000000
    664.00 0.4382000000
    665.00 0.4443000000
    666.00 0.4502000000
    667.00 0.4563000000
    668.00 0.4631000000
    669.00 0.4693000000
    670.00 0.4759000000
    671.00 0.4828000000
    672.00 0.4900000000
    673.00 0.4979000000
    674.00 0.5044000000
    675.00 0.5108000000
    676.00 0.5183000000
    677.00 0.5261000000
    678.00 0.5337000000
    679.00 0.5412000000
    680.00 0.5485000000
    681.00 0.5560000000
    682.00 0.5645000000
    683.00 0.5725000000
    684.00 0.5801000000
    685.00 0.5877000000
    686.00 0.5948000000
    687.00 0.6036000000
    688.00 0.6120000000
    689.00 0.6191000000
    690.00 0.6258000000
    691.00 0.6341000000
    692.00 0.6414000000
    693.00 0.6490000000
    694.00 0.6568000000
    695.00 0.6637000000
    696.00 0.6707000000
    697.00 0.6780000000
    698.00 0.6848000000
    699.00 0.6923000000
    700.00 0.6997000000
    701.00 0.7062000000
    702.00 0.7126000000
    703.00 0.7186000000
    704.00 0.7247000000
    705.00 0.7310000000
    706.00 0.7374000000
    707.00 0.7431000000
    708.00 0.7495000000
    709.00 0.7551000000
    710.00 0.7593000000
    711.00 0.7652000000
    712.00 0.7714000000
    713.00 0.7755000000
    714.00 0.7792000000
    715.00 0.7835000000
    716.00 0.7889000000
    717.00 0.7931000000
    718.00 0.7995000000
    719.00 0.8035000000
    720.00 0.8060000000
    721.00 0.8097000000
    722.00 0.8143000000
    723.00 0.8190000000
    724.00 0.8217000000
    725.00 0.8245000000
    726.00 0.8279000000
    727.00 0.8317000000
    728.00 0.8338000000
    729.00 0.8370000000
    730.00 0.8389000000
    731.00 0.8423000000
    732.00 0.8456000000
    733.00 0.8481000000
    734.00 0.8509000000
    735.00 0.8541000000
    736.00 0.8552000000
    737.00 0.8581000000
    738.00 0.8594000000
    739.00 0.8617000000
    740.00 0.8639000000
    741.00 0.8657000000
    742.00 0.8675000000
    743.00 0.8709000000
    744.00 0.8705000000
    745.00 0.8719000000
    746.00 0.8738000000
    747.00 0.8768000000
    748.00 0.8782000000
    749.00 0.8797000000
    750.00 0.8810000000
    751.00 0.8808000000
    752.00 0.8822000000
    753.00 0.8838000000
    754.00 0.8841000000
    755.00 0.8859000000
    756.00 0.8882000000
    757.00 0.8882000000
    758.00 0.8869000000
    759.00 0.8898000000
    760.00 0.8891000000
    761.00 0.8919000000
    762.00 0.8920000000
    763.00 0.8933000000
    764.00 0.8943000000
    765.00 0.8939000000
    766.00 0.8948000000
    767.00 0.8982000000
    768.00 0.8990000000
    769.00 0.8963000000
    770.00 0.8983000000
    771.00 0.9003000000
    772.00 0.8993000000
    773.00 0.9003000000
    774.00 0.9023000000
    775.00 0.9026000000
    776.00 0.9014000000
    777.00 0.9043000000
    778.00 0.9040000000
    779.00 0.9063000000
    780.00 0.9044000000
    781.00 0.9065000000
    782.00 0.9063000000
    783.00 0.9044000000
    784.00 0.9057000000
    785.00 0.9094000000
    786.00 0.9071000000
    787.00 0.9078000000
    788.00 0.9086000000
    789.00 0.9140000000
    790.00 0.9119000000
    791.00 0.9130000000
    792.00 0.9111000000
    793.00 0.9089000000
    794.00 0.9137000000
    795.00 0.9129000000
    796.00 0.9135000000
    797.00 0.9125000000
    798.00 0.9128000000
    799.00 0.9179000000
    800.00 0.9234000000
