    350.00 0.5514000000
    351.00 0.5493000000
    352.00 0.5465000000
    353.00 0.5420000000
    354.00 0.5392000000
    355.00 0.5359000000
    356.00 0.5328000000
    357.00 0.5282000000
    358.00 0.5236000000
    359.00 0.5193000000
    360.00 0.5146000000
    361.00 0.5094000000
    362.00 0.5040000000
    363.00 0.4990000000
    364.00 0.4932000000
    365.00 0.4876000000
    366.00 0.4826000000
    367.00 0.4772000000
    368.00 0.4710000000
    369.00 0.4648000000
    370.00 0.4579000000
    371.00 0.4524000000
    372.00 0.4472000000
    373.00 0.4411000000
    374.00 0.4355000000
    375.00 0.4286000000
    376.00 0.4213000000
    377.00 0.4160000000
    378.00 0.4104000000
    379.00 0.4039000000
    380.00 0.3978000000
    381.00 0.3916000000
    382.00 0.3864000000
    383.00 0.3802000000
    384.00 0.3746000000
    385.00 0.3694000000
    386.00 0.3641000000
    387.00 0.3591000000
    388.00 0.3535000000
    389.00 0.3480000000
    390.00 0.3427000000
    391.00 0.3379000000
    392.00 0.3336000000
    393.00 0.3288000000
    394.00 0.3243000000
    395.00 0.3198000000
    396.00 0.3154000000
    397.00 0.3110000000
    398.00 0.3067000000
    399.00 0.3026000000
    400.00 0.2987000000
    401.00 0.2952000000
    402.00 0.2913000000
    403.00 0.2878000000
    404.00 0.2844000000
    405.00 0.2811000000
    406.00 0.2781000000
    407.00 0.2751000000
    408.00 0.2718000000
    409.00 0.2688000000
    410.00 0.2665000000
    411.00 0.2638000000
    412.00 0.2616000000
    413.00 0.2591000000
    414.00 0.2566000000
    415.00 0.2547000000
    416.00 0.2531000000
    417.00 0.2512000000
    418.00 0.2493000000
    419.00 0.2478000000
    420.00 0.2462000000
    421.00 0.2452000000
    422.00 0.2441000000
    423.00 0.2428000000
    424.00 0.2419000000
    425.00 0.2412000000
    426.00 0.2404000000
    427.00 0.2399000000
    428.00 0.2393000000
    429.00 0.2389000000
    430.00 0.2385000000
    431.00 0.2384000000
    432.00 0.2387000000
    433.00 0.2388000000
    434.00 0.2390000000
    435.00 0.2393000000
    436.00 0.2395000000
    437.00 0.2402000000
    438.00 0.2409000000
    439.00 0.2417000000
    440.00 0.2422000000
    441.00 0.2440000000
    442.00 0.2447000000
    443.00 0.2462000000
    444.00 0.2479000000
    445.00 0.2490000000
    446.00 0.2507000000
    447.00 0.2529000000
    448.00 0.2550000000
    449.00 0.2573000000
    450.00 0.2593000000
    451.00 0.2617000000
    452.00 0.2640000000
    453.00 0.2673000000
    454.00 0.2699000000
    455.00 0.2729000000
    456.00 0.2762000000
    457.00 0.2801000000
    458.00 0.2834000000
    459.00 0.2874000000
    460.00 0.2911000000
    461.00 0.2952000000
    462.00 0.2998000000
    463.00 0.3043000000
    464.00 0.3090000000
    465.00 0.3138000000
    466.00 0.3192000000
    467.00 0.3247000000
    468.00 0.3304000000
    469.00 0.3363000000
    470.00 0.3427000000
    471.00 0.3487000000
    472.00 0.3555000000
    473.00 0.3623000000
    474.00 0.3696000000
    475.00 0.3772000000
    476.00 0.3851000000
    477.00 0.3930000000
    478.00 0.4013000000
    479.00 0.4095000000
    480.00 0.4185000000
    481.00 0.4275000000
    482.00 0.4367000000
    483.00 0.4467000000
    484.00 0.4559000000
    485.00 0.4663000000
    486.00 0.4769000000
    487.00 0.4869000000
    488.00 0.4980000000
    489.00 0.5082000000
    490.00 0.5198000000
    491.00 0.5309000000
    492.00 0.5426000000
    493.00 0.5535000000
    494.00 0.5658000000
    495.00 0.5767000000
    496.00 0.5888000000
    497.00 0.6005000000
    498.00 0.6126000000
    499.00 0.6239000000
    500.00 0.6357000000
    501.00 0.6467000000
    502.00 0.6580000000
    503.00 0.6692000000
    504.00 0.6805000000
    505.00 0.6909000000
    506.00 0.7015000000
    507.00 0.7118000000
    508.00 0.7218000000
    509.00 0.7317000000
    510.00 0.7413000000
    511.00 0.7502000000
    512.00 0.7589000000
    513.00 0.7673000000
    514.00 0.7752000000
    515.00 0.7835000000
    516.00 0.7912000000
    517.00 0.7984000000
    518.00 0.8057000000
    519.00 0.8120000000
    520.00 0.8188000000
    521.00 0.8249000000
    522.00 0.8308000000
    523.00 0.8363000000
    524.00 0.8423000000
    525.00 0.8474000000
    526.00 0.8525000000
    527.00 0.8577000000
    528.00 0.8622000000
    529.00 0.8671000000
    530.00 0.8717000000
    531.00 0.8761000000
    532.00 0.8803000000
    533.00 0.8839000000
    534.00 0.8875000000
    535.00 0.8911000000
    536.00 0.8948000000
    537.00 0.8981000000
    538.00 0.9013000000
    539.00 0.9041000000
    540.00 0.9074000000
    541.00 0.9104000000
    542.00 0.9130000000
    543.00 0.9155000000
    544.00 0.9183000000
    545.00 0.9209000000
    546.00 0.9231000000
    547.00 0.9250000000
    548.00 0.9266000000
    549.00 0.9274000000
    550.00 0.9303000000
    551.00 0.9317000000
    552.00 0.9332000000
    553.00 0.9341000000
    554.00 0.9353000000
    555.00 0.9369000000
    556.00 0.9382000000
    557.00 0.9387000000
    558.00 0.9396000000
    559.00 0.9407000000
    560.00 0.9414000000
    561.00 0.9421000000
    562.00 0.9423000000
    563.00 0.9433000000
    564.00 0.9434000000
    565.00 0.9438000000
    566.00 0.9445000000
    567.00 0.9457000000
    568.00 0.9458000000
    569.00 0.9454000000
    570.00 0.9449000000
    571.00 0.9454000000
    572.00 0.9455000000
    573.00 0.9455000000
    574.00 0.9454000000
    575.00 0.9450000000
    576.00 0.9456000000
    577.00 0.9459000000
    578.00 0.9456000000
    579.00 0.9448000000
    580.00 0.9449000000
    581.00 0.9448000000
    582.00 0.9450000000
    583.00 0.9442000000
    584.00 0.9440000000
    585.00 0.9439000000
    586.00 0.9437000000
    587.00 0.9436000000
    588.00 0.9442000000
    589.00 0.9436000000
    590.00 0.9431000000
    591.00 0.9433000000
    592.00 0.9437000000
    593.00 0.9434000000
    594.00 0.9430000000
    595.00 0.9428000000
    596.00 0.9428000000
    597.00 0.9425000000
    598.00 0.9429000000
    599.00 0.9428000000
    600.00 0.9425000000
    601.00 0.9427000000
    602.00 0.9433000000
    603.00 0.9430000000
    604.00 0.9425000000
    605.00 0.9425000000
    606.00 0.9417000000
    607.00 0.9419000000
    608.00 0.9420000000
    609.00 0.9419000000
    610.00 0.9416000000
    611.00 0.9420000000
    612.00 0.9409000000
    613.00 0.9404000000
    614.00 0.9402000000
    615.00 0.9400000000
    616.00 0.9402000000
    617.00 0.9393000000
    618.00 0.9390000000
    619.00 0.9394000000
    620.00 0.9381000000
    621.00 0.9374000000
    622.00 0.9377000000
    623.00 0.9379000000
    624.00 0.9376000000
    625.00 0.9378000000
    626.00 0.9376000000
    627.00 0.9373000000
    628.00 0.9369000000
    629.00 0.9366000000
    630.00 0.9364000000
    631.00 0.9356000000
    632.00 0.9359000000
    633.00 0.9357000000
    634.00 0.9357000000
    635.00 0.9362000000
    636.00 0.9362000000
    637.00 0.9363000000
    638.00 0.9368000000
    639.00 0.9372000000
    640.00 0.9380000000
    641.00 0.9386000000
    642.00 0.9384000000
    643.00 0.9385000000
    644.00 0.9386000000
    645.00 0.9395000000
    646.00 0.9404000000
    647.00 0.9416000000
    648.00 0.9425000000
    649.00 0.9430000000
    650.00 0.9439000000
    651.00 0.9444000000
    652.00 0.9453000000
    653.00 0.9468000000
    654.00 0.9477000000
    655.00 0.9483000000
    656.00 0.9488000000
    657.00 0.9506000000
    658.00 0.9520000000
    659.00 0.9522000000
    660.00 0.9524000000
    661.00 0.9533000000
    662.00 0.9544000000
    663.00 0.9552000000
    664.00 0.9568000000
    665.00 0.9583000000
    666.00 0.9591000000
    667.00 0.9594000000
    668.00 0.9603000000
    669.00 0.9613000000
    670.00 0.9620000000
    671.00 0.9628000000
    672.00 0.9642000000
    673.00 0.9664000000
    674.00 0.9669000000
    675.00 0.9673000000
    676.00 0.9679000000
    677.00 0.9680000000
    678.00 0.9685000000
    679.00 0.9695000000
    680.00 0.9700000000
    681.00 0.9701000000
    682.00 0.9718000000
    683.00 0.9728000000
    684.00 0.9735000000
    685.00 0.9737000000
    686.00 0.9741000000
    687.00 0.9758000000
    688.00 0.9760000000
    689.00 0.9763000000
    690.00 0.9767000000
    691.00 0.9771000000
    692.00 0.9769000000
    693.00 0.9773000000
    694.00 0.9773000000
    695.00 0.9777000000
    696.00 0.9797000000
    697.00 0.9794000000
    698.00 0.9800000000
    699.00 0.9808000000
    700.00 0.9815000000
    701.00 0.9803000000
    702.00 0.9807000000
    703.00 0.9814000000
    704.00 0.9823000000
    705.00 0.9836000000
    706.00 0.9832000000
    707.00 0.9835000000
    708.00 0.9833000000
    709.00 0.9837000000
    710.00 0.9834000000
    711.00 0.9840000000
    712.00 0.9851000000
    713.00 0.9842000000
    714.00 0.9837000000
    715.00 0.9841000000
    716.00 0.9848000000
    717.00 0.9844000000
    718.00 0.9868000000
    719.00 0.9874000000
    720.00 0.9850000000
    721.00 0.9852000000
    722.00 0.9855000000
    723.00 0.9861000000
    724.00 0.9865000000
    725.00 0.9861000000
    726.00 0.9868000000
    727.00 0.9867000000
    728.00 0.9860000000
    729.00 0.9861000000
    730.00 0.9861000000
    731.00 0.9862000000
    732.00 0.9868000000
    733.00 0.9881000000
    734.00 0.9877000000
    735.00 0.9876000000
    736.00 0.9866000000
    737.00 0.9881000000
    738.00 0.9879000000
    739.00 0.9876000000
    740.00 0.9861000000
    741.00 0.9860000000
    742.00 0.9864000000
    743.00 0.9877000000
    744.00 0.9880000000
    745.00 0.9880000000
    746.00 0.9873000000
    747.00 0.9879000000
    748.00 0.9874000000
    749.00 0.9864000000
    750.00 0.9868000000
    751.00 0.9863000000
    752.00 0.9878000000
    753.00 0.9870000000
    754.00 0.9863000000
    755.00 0.9883000000
    756.00 0.9881000000
    757.00 0.9888000000
    758.00 0.9854000000
    759.00 0.9878000000
    760.00 0.9863000000
    761.00 0.9885000000
    762.00 0.9864000000
    763.00 0.9876000000
    764.00 0.9879000000
    765.00 0.9853000000
    766.00 0.9863000000
    767.00 0.9889000000
    768.00 0.9874000000
    769.00 0.9866000000
    770.00 0.9869000000
    771.00 0.9873000000
    772.00 0.9861000000
    773.00 0.9882000000
    774.00 0.9883000000
    775.00 0.9872000000
    776.00 0.9879000000
    777.00 0.9881000000
    778.00 0.9872000000
    779.00 0.9885000000
    780.00 0.9870000000
    781.00 0.9873000000
    782.00 0.9862000000
    783.00 0.9848000000
    784.00 0.9859000000
    785.00 0.9869000000
    786.00 0.9876000000
    787.00 0.9857000000
    788.00 0.9884000000
    789.00 0.9882000000
    790.00 0.9883000000
    791.00 0.9884000000
    792.00 0.9859000000
    793.00 0.9858000000
    794.00 0.9886000000
    795.00 0.9882000000
    796.00 0.9873000000
    797.00 0.9877000000
    798.00 0.9851000000
    799.00 0.9892000000
    800.00 0.9944000000
