    350.00 0.1351000000
    351.00 0.1368000000
    352.00 0.1378000000
    353.00 0.1386000000
    354.00 0.1399000000
    355.00 0.1408000000
    356.00 0.1419000000
    357.00 0.1425000000
    358.00 0.1432000000
    359.00 0.1435000000
    360.00 0.1434000000
    361.00 0.1437000000
    362.00 0.1441000000
    363.00 0.1442000000
    364.00 0.1438000000
    365.00 0.1437000000
    366.00 0.1441000000
    367.00 0.1441000000
    368.00 0.1436000000
    369.00 0.1429000000
    370.00 0.1424000000
    371.00 0.1421000000
    372.00 0.1417000000
    373.00 0.1415000000
    374.00 0.1413000000
    375.00 0.1408000000
    376.00 0.1404000000
    377.00 0.1404000000
    378.00 0.1406000000
    379.00 0.1409000000
    380.00 0.1408000000
    381.00 0.1409000000
    382.00 0.1410000000
    383.00 0.1416000000
    384.00 0.1421000000
    385.00 0.1428000000
    386.00 0.1438000000
    387.00 0.1449000000
    388.00 0.1461000000
    389.00 0.1470000000
    390.00 0.1484000000
    391.00 0.1501000000
    392.00 0.1515000000
    393.00 0.1532000000
    394.00 0.1552000000
    395.00 0.1571000000
    396.00 0.1594000000
    397.00 0.1620000000
    398.00 0.1642000000
    399.00 0.1664000000
    400.00 0.1693000000
    401.00 0.1722000000
    402.00 0.1752000000
    403.00 0.1783000000
    404.00 0.1821000000
    405.00 0.1856000000
    406.00 0.1894000000
    407.00 0.1933000000
    408.00 0.1974000000
    409.00 0.2016000000
    410.00 0.2061000000
    411.00 0.2107000000
    412.00 0.2152000000
    413.00 0.2198000000
    414.00 0.2247000000
    415.00 0.2298000000
    416.00 0.2349000000
    417.00 0.2406000000
    418.00 0.2459000000
    419.00 0.2511000000
    420.00 0.2570000000
    421.00 0.2627000000
    422.00 0.2683000000
    423.00 0.2749000000
    424.00 0.2811000000
    425.00 0.2875000000
    426.00 0.2947000000
    427.00 0.3022000000
    428.00 0.3091000000
    429.00 0.3166000000
    430.00 0.3245000000
    431.00 0.3329000000
    432.00 0.3407000000
    433.00 0.3479000000
    434.00 0.3559000000
    435.00 0.3637000000
    436.00 0.3712000000
    437.00 0.3780000000
    438.00 0.3842000000
    439.00 0.3908000000
    440.00 0.3963000000
    441.00 0.4015000000
    442.00 0.4055000000
    443.00 0.4094000000
    444.00 0.4129000000
    445.00 0.4146000000
    446.00 0.4165000000
    447.00 0.4174000000
    448.00 0.4184000000
    449.00 0.4177000000
    450.00 0.4178000000
    451.00 0.4157000000
    452.00 0.4136000000
    453.00 0.4113000000
    454.00 0.4088000000
    455.00 0.4061000000
    456.00 0.4021000000
    457.00 0.3983000000
    458.00 0.3943000000
    459.00 0.3902000000
    460.00 0.3858000000
    461.00 0.3812000000
    462.00 0.3770000000
    463.00 0.3720000000
    464.00 0.3674000000
    465.00 0.3627000000
    466.00 0.3579000000
    467.00 0.3528000000
    468.00 0.3482000000
    469.00 0.3430000000
    470.00 0.3378000000
    471.00 0.3329000000
    472.00 0.3281000000
    473.00 0.3231000000
    474.00 0.3181000000
    475.00 0.3135000000
    476.00 0.3089000000
    477.00 0.3040000000
    478.00 0.2995000000
    479.00 0.2946000000
    480.00 0.2899000000
    481.00 0.2854000000
    482.00 0.2803000000
    483.00 0.2761000000
    484.00 0.2715000000
    485.00 0.2673000000
    486.00 0.2630000000
    487.00 0.2580000000
    488.00 0.2538000000
    489.00 0.2494000000
    490.00 0.2452000000
    491.00 0.2409000000
    492.00 0.2370000000
    493.00 0.2327000000
    494.00 0.2289000000
    495.00 0.2246000000
    496.00 0.2208000000
    497.00 0.2169000000
    498.00 0.2130000000
    499.00 0.2090000000
    500.00 0.2053000000
    501.00 0.2017000000
    502.00 0.1980000000
    503.00 0.1945000000
    504.00 0.1912000000
    505.00 0.1878000000
    506.00 0.1845000000
    507.00 0.1811000000
    508.00 0.1778000000
    509.00 0.1748000000
    510.00 0.1717000000
    511.00 0.1689000000
    512.00 0.1657000000
    513.00 0.1629000000
    514.00 0.1600000000
    515.00 0.1572000000
    516.00 0.1544000000
    517.00 0.1517000000
    518.00 0.1491000000
    519.00 0.1464000000
    520.00 0.1437000000
    521.00 0.1412000000
    522.00 0.1386000000
    523.00 0.1361000000
    524.00 0.1337000000
    525.00 0.1312000000
    526.00 0.1288000000
    527.00 0.1265000000
    528.00 0.1241000000
    529.00 0.1218000000
    530.00 0.1197000000
    531.00 0.1174000000
    532.00 0.1152000000
    533.00 0.1131000000
    534.00 0.1110000000
    535.00 0.1090000000
    536.00 0.1071000000
    537.00 0.1052000000
    538.00 0.1033000000
    539.00 0.1016000000
    540.00 0.0998000000
    541.00 0.0981000000
    542.00 0.0965000000
    543.00 0.0948000000
    544.00 0.0933000000
    545.00 0.0920000000
    546.00 0.0905000000
    547.00 0.0893000000
    548.00 0.0877000000
    549.00 0.0865000000
    550.00 0.0854000000
    551.00 0.0842000000
    552.00 0.0832000000
    553.00 0.0819000000
    554.00 0.0808000000
    555.00 0.0799000000
    556.00 0.0789000000
    557.00 0.0779000000
    558.00 0.0769000000
    559.00 0.0760000000
    560.00 0.0750000000
    561.00 0.0742000000
    562.00 0.0733000000
    563.00 0.0724000000
    564.00 0.0716000000
    565.00 0.0705000000
    566.00 0.0697000000
    567.00 0.0689000000
    568.00 0.0680000000
    569.00 0.0671000000
    570.00 0.0663000000
    571.00 0.0655000000
    572.00 0.0646000000
    573.00 0.0638000000
    574.00 0.0630000000
    575.00 0.0623000000
    576.00 0.0615000000
    577.00 0.0609000000
    578.00 0.0602000000
    579.00 0.0594000000
    580.00 0.0588000000
    581.00 0.0582000000
    582.00 0.0577000000
    583.00 0.0571000000
    584.00 0.0565000000
    585.00 0.0560000000
    586.00 0.0555000000
    587.00 0.0551000000
    588.00 0.0547000000
    589.00 0.0543000000
    590.00 0.0540000000
    591.00 0.0539000000
    592.00 0.0535000000
    593.00 0.0533000000
    594.00 0.0531000000
    595.00 0.0530000000
    596.00 0.0529000000
    597.00 0.0528000000
    598.00 0.0528000000
    599.00 0.0527000000
    600.00 0.0527000000
    601.00 0.0527000000
    602.00 0.0528000000
    603.00 0.0528000000
    604.00 0.0528000000
    605.00 0.0529000000
    606.00 0.0529000000
    607.00 0.0530000000
    608.00 0.0532000000
    609.00 0.0532000000
    610.00 0.0533000000
    611.00 0.0534000000
    612.00 0.0535000000
    613.00 0.0536000000
    614.00 0.0536000000
    615.00 0.0537000000
    616.00 0.0538000000
    617.00 0.0537000000
    618.00 0.0537000000
    619.00 0.0537000000
    620.00 0.0536000000
    621.00 0.0537000000
    622.00 0.0537000000
    623.00 0.0537000000
    624.00 0.0537000000
    625.00 0.0537000000
    626.00 0.0537000000
    627.00 0.0537000000
    628.00 0.0536000000
    629.00 0.0535000000
    630.00 0.0536000000
    631.00 0.0535000000
    632.00 0.0535000000
    633.00 0.0536000000
    634.00 0.0536000000
    635.00 0.0537000000
    636.00 0.0539000000
    637.00 0.0540000000
    638.00 0.0542000000
    639.00 0.0544000000
    640.00 0.0546000000
    641.00 0.0549000000
    642.00 0.0552000000
    643.00 0.0556000000
    644.00 0.0560000000
    645.00 0.0565000000
    646.00 0.0571000000
    647.00 0.0577000000
    648.00 0.0583000000
    649.00 0.0591000000
    650.00 0.0600000000
    651.00 0.0607000000
    652.00 0.0616000000
    653.00 0.0627000000
    654.00 0.0639000000
    655.00 0.0651000000
    656.00 0.0662000000
    657.00 0.0676000000
    658.00 0.0691000000
    659.00 0.0707000000
    660.00 0.0724000000
    661.00 0.0742000000
    662.00 0.0761000000
    663.00 0.0780000000
    664.00 0.0801000000
    665.00 0.0824000000
    666.00 0.0849000000
    667.00 0.0873000000
    668.00 0.0898000000
    669.00 0.0926000000
    670.00 0.0957000000
    671.00 0.0989000000
    672.00 0.1022000000
    673.00 0.1057000000
    674.00 0.1092000000
    675.00 0.1130000000
    676.00 0.1170000000
    677.00 0.1212000000
    678.00 0.1254000000
    679.00 0.1299000000
    680.00 0.1346000000
    681.00 0.1395000000
    682.00 0.1448000000
    683.00 0.1502000000
    684.00 0.1556000000
    685.00 0.1613000000
    686.00 0.1670000000
    687.00 0.1734000000
    688.00 0.1798000000
    689.00 0.1861000000
    690.00 0.1930000000
    691.00 0.1998000000
    692.00 0.2069000000
    693.00 0.2143000000
    694.00 0.2216000000
    695.00 0.2294000000
    696.00 0.2372000000
    697.00 0.2450000000
    698.00 0.2532000000
    699.00 0.2612000000
    700.00 0.2701000000
    701.00 0.2785000000
    702.00 0.2870000000
    703.00 0.2961000000
    704.00 0.3049000000
    705.00 0.3143000000
    706.00 0.3236000000
    707.00 0.3329000000
    708.00 0.3421000000
    709.00 0.3519000000
    710.00 0.3615000000
    711.00 0.3710000000
    712.00 0.3812000000
    713.00 0.3910000000
    714.00 0.4008000000
    715.00 0.4105000000
    716.00 0.4215000000
    717.00 0.4311000000
    718.00 0.4419000000
    719.00 0.4523000000
    720.00 0.4620000000
    721.00 0.4726000000
    722.00 0.4827000000
    723.00 0.4938000000
    724.00 0.5042000000
    725.00 0.5143000000
    726.00 0.5245000000
    727.00 0.5357000000
    728.00 0.5461000000
    729.00 0.5569000000
    730.00 0.5665000000
    731.00 0.5771000000
    732.00 0.5879000000
    733.00 0.5980000000
    734.00 0.6087000000
    735.00 0.6188000000
    736.00 0.6274000000
    737.00 0.6378000000
    738.00 0.6487000000
    739.00 0.6571000000
    740.00 0.6670000000
    741.00 0.6769000000
    742.00 0.6860000000
    743.00 0.6944000000
    744.00 0.7028000000
    745.00 0.7114000000
    746.00 0.7200000000
    747.00 0.7291000000
    748.00 0.7373000000
    749.00 0.7449000000
    750.00 0.7517000000
    751.00 0.7596000000
    752.00 0.7668000000
    753.00 0.7742000000
    754.00 0.7809000000
    755.00 0.7883000000
    756.00 0.7947000000
    757.00 0.8014000000
    758.00 0.8058000000
    759.00 0.8153000000
    760.00 0.8186000000
    761.00 0.8262000000
    762.00 0.8318000000
    763.00 0.8360000000
    764.00 0.8403000000
    765.00 0.8445000000
    766.00 0.8511000000
    767.00 0.8569000000
    768.00 0.8610000000
    769.00 0.8646000000
    770.00 0.8689000000
    771.00 0.8736000000
    772.00 0.8756000000
    773.00 0.8822000000
    774.00 0.8857000000
    775.00 0.8865000000
    776.00 0.8903000000
    777.00 0.8962000000
    778.00 0.8963000000
    779.00 0.9024000000
    780.00 0.9048000000
    781.00 0.9069000000
    782.00 0.9094000000
    783.00 0.9110000000
    784.00 0.9150000000
    785.00 0.9186000000
    786.00 0.9217000000
    787.00 0.9211000000
    788.00 0.9242000000
    789.00 0.9298000000
    790.00 0.9310000000
    791.00 0.9321000000
    792.00 0.9342000000
    793.00 0.9348000000
    794.00 0.9398000000
    795.00 0.9388000000
    796.00 0.9388000000
    797.00 0.9431000000
    798.00 0.9444000000
    799.00 0.9476000000
    800.00 0.9543000000
