    350.00 0.0537000000
    351.00 0.0537000000
    352.00 0.0538000000
    353.00 0.0541000000
    354.00 0.0547000000
    355.00 0.0549000000
    356.00 0.0556000000
    357.00 0.0565000000
    358.00 0.0570000000
    359.00 0.0578000000
    360.00 0.0586000000
    361.00 0.0596000000
    362.00 0.0605000000
    363.00 0.0616000000
    364.00 0.0626000000
    365.00 0.0634000000
    366.00 0.0647000000
    367.00 0.0658000000
    368.00 0.0667000000
    369.00 0.0673000000
    370.00 0.0679000000
    371.00 0.0686000000
    372.00 0.0693000000
    373.00 0.0702000000
    374.00 0.0706000000
    375.00 0.0712000000
    376.00 0.0712000000
    377.00 0.0712000000
    378.00 0.0725000000
    379.00 0.0732000000
    380.00 0.0731000000
    381.00 0.0731000000
    382.00 0.0730000000
    383.00 0.0729000000
    384.00 0.0730000000
    385.00 0.0729000000
    386.00 0.0726000000
    387.00 0.0719000000
    388.00 0.0713000000
    389.00 0.0708000000
    390.00 0.0703000000
    391.00 0.0698000000
    392.00 0.0690000000
    393.00 0.0680000000
    394.00 0.0674000000
    395.00 0.0665000000
    396.00 0.0658000000
    397.00 0.0650000000
    398.00 0.0642000000
    399.00 0.0632000000
    400.00 0.0622000000
    401.00 0.0612000000
    402.00 0.0604000000
    403.00 0.0597000000
    404.00 0.0591000000
    405.00 0.0582000000
    406.00 0.0574000000
    407.00 0.0567000000
    408.00 0.0558000000
    409.00 0.0550000000
    410.00 0.0545000000
    411.00 0.0537000000
    412.00 0.0532000000
    413.00 0.0524000000
    414.00 0.0519000000
    415.00 0.0514000000
    416.00 0.0509000000
    417.00 0.0505000000
    418.00 0.0500000000
    419.00 0.0496000000
    420.00 0.0493000000
    421.00 0.0489000000
    422.00 0.0485000000
    423.00 0.0483000000
    424.00 0.0483000000
    425.00 0.0479000000
    426.00 0.0477000000
    427.00 0.0478000000
    428.00 0.0476000000
    429.00 0.0476000000
    430.00 0.0476000000
    431.00 0.0476000000
    432.00 0.0477000000
    433.00 0.0478000000
    434.00 0.0479000000
    435.00 0.0481000000
    436.00 0.0484000000
    437.00 0.0487000000
    438.00 0.0489000000
    439.00 0.0493000000
    440.00 0.0497000000
    441.00 0.0501000000
    442.00 0.0505000000
    443.00 0.0511000000
    444.00 0.0517000000
    445.00 0.0522000000
    446.00 0.0530000000
    447.00 0.0538000000
    448.00 0.0546000000
    449.00 0.0555000000
    450.00 0.0564000000
    451.00 0.0573000000
    452.00 0.0584000000
    453.00 0.0595000000
    454.00 0.0606000000
    455.00 0.0620000000
    456.00 0.0633000000
    457.00 0.0648000000
    458.00 0.0664000000
    459.00 0.0681000000
    460.00 0.0698000000
    461.00 0.0717000000
    462.00 0.0739000000
    463.00 0.0759000000
    464.00 0.0783000000
    465.00 0.0806000000
    466.00 0.0831000000
    467.00 0.0860000000
    468.00 0.0890000000
    469.00 0.0921000000
    470.00 0.0955000000
    471.00 0.0988000000
    472.00 0.1025000000
    473.00 0.1064000000
    474.00 0.1103000000
    475.00 0.1145000000
    476.00 0.1189000000
    477.00 0.1236000000
    478.00 0.1283000000
    479.00 0.1331000000
    480.00 0.1379000000
    481.00 0.1432000000
    482.00 0.1485000000
    483.00 0.1542000000
    484.00 0.1597000000
    485.00 0.1653000000
    486.00 0.1708000000
    487.00 0.1765000000
    488.00 0.1823000000
    489.00 0.1878000000
    490.00 0.1932000000
    491.00 0.1989000000
    492.00 0.2042000000
    493.00 0.2096000000
    494.00 0.2148000000
    495.00 0.2194000000
    496.00 0.2243000000
    497.00 0.2289000000
    498.00 0.2334000000
    499.00 0.2373000000
    500.00 0.2410000000
    501.00 0.2446000000
    502.00 0.2476000000
    503.00 0.2506000000
    504.00 0.2531000000
    505.00 0.2551000000
    506.00 0.2572000000
    507.00 0.2589000000
    508.00 0.2601000000
    509.00 0.2613000000
    510.00 0.2621000000
    511.00 0.2625000000
    512.00 0.2624000000
    513.00 0.2623000000
    514.00 0.2619000000
    515.00 0.2612000000
    516.00 0.2604000000
    517.00 0.2592000000
    518.00 0.2580000000
    519.00 0.2565000000
    520.00 0.2547000000
    521.00 0.2530000000
    522.00 0.2509000000
    523.00 0.2488000000
    524.00 0.2467000000
    525.00 0.2443000000
    526.00 0.2420000000
    527.00 0.2395000000
    528.00 0.2370000000
    529.00 0.2344000000
    530.00 0.2317000000
    531.00 0.2291000000
    532.00 0.2264000000
    533.00 0.2236000000
    534.00 0.2208000000
    535.00 0.2179000000
    536.00 0.2153000000
    537.00 0.2124000000
    538.00 0.2095000000
    539.00 0.2066000000
    540.00 0.2037000000
    541.00 0.2008000000
    542.00 0.1978000000
    543.00 0.1949000000
    544.00 0.1918000000
    545.00 0.1889000000
    546.00 0.1857000000
    547.00 0.1828000000
    548.00 0.1798000000
    549.00 0.1766000000
    550.00 0.1738000000
    551.00 0.1706000000
    552.00 0.1676000000
    553.00 0.1646000000
    554.00 0.1618000000
    555.00 0.1589000000
    556.00 0.1559000000
    557.00 0.1530000000
    558.00 0.1501000000
    559.00 0.1473000000
    560.00 0.1447000000
    561.00 0.1419000000
    562.00 0.1393000000
    563.00 0.1368000000
    564.00 0.1342000000
    565.00 0.1316000000
    566.00 0.1293000000
    567.00 0.1272000000
    568.00 0.1247000000
    569.00 0.1225000000
    570.00 0.1202000000
    571.00 0.1181000000
    572.00 0.1160000000
    573.00 0.1139000000
    574.00 0.1118000000
    575.00 0.1099000000
    576.00 0.1080000000
    577.00 0.1063000000
    578.00 0.1044000000
    579.00 0.1025000000
    580.00 0.1008000000
    581.00 0.0991000000
    582.00 0.0975000000
    583.00 0.0959000000
    584.00 0.0943000000
    585.00 0.0928000000
    586.00 0.0911000000
    587.00 0.0894000000
    588.00 0.0879000000
    589.00 0.0861000000
    590.00 0.0842000000
    591.00 0.0825000000
    592.00 0.0807000000
    593.00 0.0788000000
    594.00 0.0769000000
    595.00 0.0751000000
    596.00 0.0733000000
    597.00 0.0715000000
    598.00 0.0698000000
    599.00 0.0681000000
    600.00 0.0664000000
    601.00 0.0649000000
    602.00 0.0636000000
    603.00 0.0623000000
    604.00 0.0611000000
    605.00 0.0600000000
    606.00 0.0591000000
    607.00 0.0583000000
    608.00 0.0576000000
    609.00 0.0570000000
    610.00 0.0566000000
    611.00 0.0561000000
    612.00 0.0559000000
    613.00 0.0557000000
    614.00 0.0555000000
    615.00 0.0555000000
    616.00 0.0553000000
    617.00 0.0551000000
    618.00 0.0550000000
    619.00 0.0548000000
    620.00 0.0546000000
    621.00 0.0543000000
    622.00 0.0541000000
    623.00 0.0539000000
    624.00 0.0537000000
    625.00 0.0536000000
    626.00 0.0534000000
    627.00 0.0531000000
    628.00 0.0530000000
    629.00 0.0529000000
    630.00 0.0527000000
    631.00 0.0525000000
    632.00 0.0524000000
    633.00 0.0523000000
    634.00 0.0522000000
    635.00 0.0521000000
    636.00 0.0520000000
    637.00 0.0520000000
    638.00 0.0520000000
    639.00 0.0520000000
    640.00 0.0519000000
    641.00 0.0519000000
    642.00 0.0518000000
    643.00 0.0516000000
    644.00 0.0514000000
    645.00 0.0512000000
    646.00 0.0510000000
    647.00 0.0508000000
    648.00 0.0505000000
    649.00 0.0500000000
    650.00 0.0493000000
    651.00 0.0486000000
    652.00 0.0478000000
    653.00 0.0470000000
    654.00 0.0460000000
    655.00 0.0447000000
    656.00 0.0435000000
    657.00 0.0423000000
    658.00 0.0411000000
    659.00 0.0397000000
    660.00 0.0383000000
    661.00 0.0370000000
    662.00 0.0358000000
    663.00 0.0345000000
    664.00 0.0334000000
    665.00 0.0323000000
    666.00 0.0314000000
    667.00 0.0306000000
    668.00 0.0299000000
    669.00 0.0292000000
    670.00 0.0288000000
    671.00 0.0284000000
    672.00 0.0281000000
    673.00 0.0278000000
    674.00 0.0276000000
    675.00 0.0274000000
    676.00 0.0272000000
    677.00 0.0271000000
    678.00 0.0270000000
    679.00 0.0270000000
    680.00 0.0271000000
    681.00 0.0273000000
    682.00 0.0275000000
    683.00 0.0278000000
    684.00 0.0282000000
    685.00 0.0287000000
    686.00 0.0293000000
    687.00 0.0300000000
    688.00 0.0309000000
    689.00 0.0319000000
    690.00 0.0331000000
    691.00 0.0345000000
    692.00 0.0360000000
    693.00 0.0378000000
    694.00 0.0398000000
    695.00 0.0421000000
    696.00 0.0446000000
    697.00 0.0475000000
    698.00 0.0506000000
    699.00 0.0539000000
    700.00 0.0576000000
    701.00 0.0613000000
    702.00 0.0653000000
    703.00 0.0697000000
    704.00 0.0743000000
    705.00 0.0790000000
    706.00 0.0842000000
    707.00 0.0892000000
    708.00 0.0944000000
    709.00 0.0999000000
    710.00 0.1054000000
    711.00 0.1113000000
    712.00 0.1173000000
    713.00 0.1233000000
    714.00 0.1296000000
    715.00 0.1358000000
    716.00 0.1426000000
    717.00 0.1489000000
    718.00 0.1559000000
    719.00 0.1630000000
    720.00 0.1695000000
    721.00 0.1770000000
    722.00 0.1841000000
    723.00 0.1914000000
    724.00 0.1983000000
    725.00 0.2058000000
    726.00 0.2133000000
    727.00 0.2205000000
    728.00 0.2284000000
    729.00 0.2358000000
    730.00 0.2426000000
    731.00 0.2506000000
    732.00 0.2580000000
    733.00 0.2652000000
    734.00 0.2732000000
    735.00 0.2803000000
    736.00 0.2872000000
    737.00 0.2945000000
    738.00 0.3021000000
    739.00 0.3096000000
    740.00 0.3172000000
    741.00 0.3244000000
    742.00 0.3316000000
    743.00 0.3391000000
    744.00 0.3461000000
    745.00 0.3529000000
    746.00 0.3602000000
    747.00 0.3676000000
    748.00 0.3745000000
    749.00 0.3813000000
    750.00 0.3885000000
    751.00 0.3949000000
    752.00 0.4019000000
    753.00 0.4082000000
    754.00 0.4153000000
    755.00 0.4227000000
    756.00 0.4290000000
    757.00 0.4353000000
    758.00 0.4408000000
    759.00 0.4483000000
    760.00 0.4539000000
    761.00 0.4603000000
    762.00 0.4662000000
    763.00 0.4736000000
    764.00 0.4794000000
    765.00 0.4850000000
    766.00 0.4908000000
    767.00 0.4979000000
    768.00 0.5039000000
    769.00 0.5077000000
    770.00 0.5137000000
    771.00 0.5202000000
    772.00 0.5245000000
    773.00 0.5303000000
    774.00 0.5352000000
    775.00 0.5402000000
    776.00 0.5453000000
    777.00 0.5519000000
    778.00 0.5567000000
    779.00 0.5620000000
    780.00 0.5657000000
    781.00 0.5716000000
    782.00 0.5753000000
    783.00 0.5794000000
    784.00 0.5849000000
    785.00 0.5913000000
    786.00 0.5950000000
    787.00 0.5983000000
    788.00 0.6057000000
    789.00 0.6114000000
    790.00 0.6137000000
    791.00 0.6189000000
    792.00 0.6228000000
    793.00 0.6265000000
    794.00 0.6334000000
    795.00 0.6370000000
    796.00 0.6399000000
    797.00 0.6442000000
    798.00 0.6475000000
    799.00 0.6541000000
    800.00 0.6638000000
