    350.23 0.0056678970
    350.50 0.0056181000
    350.76 0.0056067840
    351.02 0.0055886847
    351.29 0.0055977502
    351.55 0.0055909510
    351.81 0.0056588949
    352.07 0.0056815428
    352.34 0.0057290892
    352.60 0.0058807940
    352.86 0.0060641963
    353.12 0.0061162755
    353.39 0.0062227002
    353.65 0.0062928946
    353.91 0.0064491163
    354.18 0.0065827058
    354.44 0.0066461169
    354.70 0.0067072457
    354.96 0.0068498850
    355.23 0.0070129216
    355.49 0.0071668769
    355.75 0.0071487776
    356.02 0.0071940576
    356.28 0.0072642520
    356.54 0.0073027487
    356.81 0.0073072973
    357.07 0.0072755997
    357.33 0.0071691908
    357.59 0.0072167373
    357.86 0.0072212859
    358.12 0.0071692067
    358.38 0.0070673306
    358.65 0.0069767705
    358.91 0.0068839441
    359.17 0.0068794271
    359.43 0.0067956662
    359.70 0.0067209550
    359.96 0.0067730341
    360.22 0.0068500276
    360.49 0.0070651117
    360.75 0.0072485141
    361.01 0.0073956861
    361.27 0.0075745557
    361.54 0.0077760733
    361.80 0.0080387196
    362.06 0.0083104157
    362.33 0.0087134349
    362.59 0.0091753167
    362.85 0.0099156936
    363.11 0.0110432250
    363.38 0.0131149015
    363.64 0.0200589442
    363.90 0.0384820541
    364.17 0.0722898204
    364.43 0.1232709073
    364.69 0.1903249484
    364.95 0.2704383884
    365.22 0.3555736489
    365.48 0.4369346276
    365.74 0.5054376931
    366.01 0.5556987847
    366.27 0.5842402151
    366.53 0.5893141148
    366.80 0.5720208028
    367.06 0.5391481318
    367.32 0.4960303341
    367.58 0.4453571736
    367.85 0.3890463873
    368.11 0.3297605426
    368.37 0.2715048703
    368.63 0.2177457256
    368.90 0.1704076132
    369.16 0.1298165745
    369.42 0.0965793652
    369.69 0.0705352626
    369.95 0.0514193381
    370.21 0.0380452294
    370.48 0.0288619725
    370.74 0.0226288754
    371.00 0.0186236607
    371.26 0.0160946511
    371.53 0.0144509082
    371.79 0.0132645142
    372.05 0.0123430330
    372.32 0.0114985295
    372.58 0.0108509949
    372.84 0.0101808124
    373.11 0.0095106457
    373.37 0.0089967006
    373.63 0.0085778484
    373.89 0.0081952107
    374.16 0.0078578689
    374.42 0.0075386265
    374.68 0.0072397656
    374.95 0.0071220406
    375.21 0.0069296045
    375.47 0.0066850733
    375.74 0.0065447162
    376.00 0.0064903707
    376.26 0.0064269913
    376.52 0.0064451065
    376.79 0.0063341649
    377.05 0.0061892751
    377.31 0.0061598439
    377.58 0.0060579678
    377.84 0.0060172205
    378.10 0.0060421190
    378.37 0.0060557172
    378.63 0.0061508101
    378.89 0.0064225061
    379.15 0.0066579877
    379.42 0.0068345909
    379.68 0.0069749796
    379.94 0.0070542236
    380.20 0.0070429076
    380.47 0.0070338579
    380.73 0.0069546139
    380.99 0.0068821690
    381.26 0.0068663202
    381.52 0.0068504872
    381.78 0.0068029408
    382.05 0.0067282296
    382.31 0.0066037055
    382.57 0.0064837142
    382.83 0.0064135357
    383.10 0.0063886372
    383.36 0.0062278828
    383.62 0.0060943091
    383.89 0.0059811011
    384.15 0.0059992321
    384.41 0.0059381033
    384.68 0.0057637664
    384.94 0.0056528248
    385.20 0.0056573575
    385.46 0.0056460415
    385.73 0.0057569990
    385.99 0.0057547326
    386.25 0.0058022948
    386.52 0.0059019204
    386.78 0.0058317261
    387.04 0.0058249428
    387.31 0.0058113604
    387.57 0.0057751458
    387.83 0.0058385411
    388.09 0.0058860875
    388.36 0.0059336497
    388.62 0.0060219434
    388.88 0.0061147857
    389.15 0.0064181794
    389.41 0.0068642123
    389.67 0.0074959139
    389.94 0.0083630654
    390.20 0.0093841880
    390.46 0.0105841803
    390.72 0.0117615246
    390.99 0.0127894305
    391.25 0.0133939514
    391.51 0.0136181169
    391.77 0.0136743009
    392.04 0.0134722128
    392.30 0.0129333535
    392.56 0.0123039340
    392.83 0.0114797962
    393.09 0.0108295515
    393.35 0.0102563002
    393.62 0.0095109309
    393.88 0.0088382443
    394.14 0.0082974514
    394.40 0.0077825554
    394.67 0.0073101977
    394.93 0.0069124402
    395.19 0.0065327187
    395.46 0.0063714571
    395.72 0.0063115011
    395.98 0.0062764435
    396.25 0.0061735372
    396.51 0.0062628611
    396.77 0.0063523752
    397.03 0.0064973917
    397.30 0.0066933622
    397.56 0.0067934949
    397.82 0.0069616666
    398.09 0.0072969005
    398.35 0.0073954959
    398.61 0.0075864423
    398.88 0.0077274333
    399.14 0.0076874150
    399.40 0.0077773253
    399.66 0.0078069467
    399.93 0.0078010985
    400.19 0.0079418993
    400.45 0.0080113171
    400.72 0.0080751243
    400.98 0.0082707461
    401.24 0.0083898816
    401.50 0.0085214584
    401.77 0.0087765449
    402.03 0.0091323505
    402.29 0.0096562645
    402.56 0.0104457093
    402.82 0.0132667014
    403.08 0.0262921205
    403.35 0.0523108333
    403.61 0.0910009347
    403.87 0.1411013829
    404.13 0.2008075853
    404.40 0.2612650528
    404.66 0.3144637362
    404.93 0.3521537622
    405.20 0.3726169302
    405.47 0.3760235356
    405.75 0.3631973518
    406.02 0.3373323723
    406.29 0.3080663504
    406.56 0.2820772115
    406.83 0.2591592697
    407.10 0.2385897721
    407.37 0.2196825922
    407.64 0.2013621192
    407.91 0.1820037079
    408.19 0.1614728497
    408.46 0.1406237791
    408.73 0.1204030979
    409.00 0.1010467311
    409.27 0.0834053001
    409.54 0.0690424479
    409.81 0.0585577823
    410.08 0.0510102012
    410.35 0.0451279650
    410.62 0.0402668514
    410.90 0.0359341845
    411.17 0.0317873448
    411.44 0.0280762680
    411.71 0.0245616371
    411.98 0.0215320748
    412.25 0.0190492486
    412.52 0.0169785389
    412.79 0.0154027240
    413.06 0.0144584681
    413.34 0.0138289377
    413.61 0.0134514667
    413.88 0.0131269783
    414.15 0.0127347362
    414.42 0.0124986683
    414.69 0.0121993161
    414.96 0.0119381119
    415.23 0.0117245176
    415.50 0.0114510465
    415.78 0.0112594978
    416.05 0.0112297813
    416.32 0.0111023728
    416.59 0.0110691854
    416.86 0.0110369806
    417.13 0.0110342388
    417.40 0.0111806342
    417.67 0.0112307639
    417.94 0.0112719708
    418.22 0.0113886497
    418.49 0.0114275903
    418.76 0.0115034743
    419.03 0.0116174272
    419.30 0.0115481046
    419.57 0.0115713389
    419.84 0.0115622575
    420.11 0.0115309879
    420.39 0.0116608371
    420.66 0.0116612333
    420.93 0.0115792633
    421.20 0.0116417868
    421.47 0.0117635057
    421.74 0.0119074445
    422.01 0.0120182435
    422.28 0.0120785165
    422.56 0.0121445585
    422.83 0.0123815139
    423.10 0.0125486871
    423.37 0.0127231666
    423.64 0.0128155810
    423.91 0.0130628223
    424.18 0.0131899773
    424.45 0.0134185012
    424.72 0.0135519640
    425.00 0.0136151849
    425.27 0.0136740315
    425.54 0.0138039441
    425.81 0.0138632187
    426.08 0.0139496264
    426.35 0.0140759730
    426.62 0.0142243337
    426.89 0.0145053330
    427.16 0.0147757770
    427.44 0.0149820492
    427.71 0.0152247578
    427.98 0.0156550211
    428.25 0.0159957704
    428.52 0.0163623691
    428.79 0.0167331677
    429.06 0.0170608259
    429.33 0.0175690654
    429.60 0.0180337523
    429.88 0.0183627418
    430.15 0.0188808392
    430.42 0.0193560656
    430.69 0.0198637662
    430.96 0.0203823232
    431.23 0.0207309018
    431.50 0.0212018174
    431.77 0.0216965695
    432.04 0.0221188134
    432.31 0.0228712987
    432.59 0.0244788905
    432.86 0.0273430548
    433.13 0.0321808865
    433.40 0.0402925582
    433.67 0.0520222583
    433.94 0.0672713281
    434.21 0.0906243671
    434.48 0.1475493739
    434.75 0.2426804119
    435.03 0.3673691058
    435.30 0.5007656082
    435.57 0.6304459464
    435.84 0.7564545603
    436.11 0.8740673811
    436.39 0.9571866261
    436.66 0.9979200505
    436.94 1.0000000000
    437.21 0.9828646689
    437.49 0.9568223096
    437.76 0.9129792072
    438.03 0.8553649677
    438.31 0.7893448551
    438.58 0.7174433305
    438.86 0.6431044340
    439.13 0.5661424178
    439.40 0.4890278568
    439.68 0.4200524019
    439.95 0.3551075831
    440.23 0.2913380483
    440.50 0.2320463713
    440.78 0.1799190037
    441.05 0.1358214963
    441.32 0.1000115031
    441.60 0.0733207851
    441.87 0.0557880293
    442.15 0.0451882855
    442.42 0.0387745280
    442.69 0.0344552374
    442.97 0.0316381283
    443.24 0.0295773241
    443.52 0.0279812227
    443.79 0.0268520429
    444.07 0.0258382900
    444.34 0.0249707899
    444.62 0.0242093499
    444.89 0.0236791123
    445.16 0.0231213612
    445.44 0.0226348346
    445.71 0.0222562066
    445.99 0.0220197425
    446.26 0.0217268883
    446.53 0.0214978096
    446.81 0.0212330395
    447.08 0.0210529654
    447.36 0.0208959196
    447.63 0.0207099814
    447.90 0.0204456392
    448.18 0.0202919217
    448.45 0.0202424892
    448.73 0.0200299885
    449.00 0.0198206258
    449.28 0.0197533793
    449.55 0.0195488029
    449.82 0.0194736479
    450.10 0.0192931934
    450.37 0.0191065896
    450.65 0.0190098960
    450.92 0.0189676431
    451.19 0.0188016110
    451.47 0.0187767760
    451.74 0.0187324469
    452.02 0.0185442423
    452.29 0.0184863942
    452.57 0.0184428575
    452.84 0.0183613946
    453.12 0.0183784955
    453.39 0.0182295801
    453.66 0.0180402662
    453.94 0.0181567073
    454.21 0.0180527550
    454.49 0.0180940570
    454.76 0.0181796564
    455.03 0.0182051571
    455.31 0.0183532959
    455.58 0.0184755377
    455.86 0.0185347330
    456.13 0.0186321715
    456.40 0.0186972467
    456.68 0.0186399849
    456.95 0.0186254991
    457.23 0.0187149022
    457.50 0.0188074909
    457.78 0.0188251782
    458.05 0.0189279260
    458.32 0.0189537437
    458.60 0.0190460947
    458.87 0.0191229772
    459.15 0.0190590115
    459.42 0.0190034456
    459.70 0.0188703948
    459.97 0.0188208515
    460.24 0.0187974903
    460.52 0.0187038556
    460.79 0.0185481411
    461.07 0.0185738796
    461.34 0.0186622367
    461.62 0.0187587083
    461.89 0.0187811661
    462.16 0.0188667655
    462.44 0.0189704959
    462.71 0.0190784421
    462.99 0.0190628627
    463.26 0.0190340971
    463.54 0.0191725682
    463.81 0.0193369520
    464.08 0.0192939541
    464.36 0.0193328630
    464.63 0.0194061320
    464.91 0.0196462572
    465.18 0.0197810355
    465.45 0.0198534011
    465.73 0.0198224167
    466.00 0.0199302202
    466.28 0.0199626469
    466.55 0.0200418275
    466.82 0.0200076892
    467.10 0.0200971716
    467.37 0.0202036438
    467.65 0.0203078814
    467.92 0.0204504573
    468.20 0.0206990299
    468.47 0.0207863410
    468.74 0.0208470102
    469.02 0.0209200573
    469.29 0.0208953015
    469.57 0.0209836110
    469.84 0.0210320767
    470.12 0.0209074417
    470.39 0.0209860042
    470.66 0.0210144370
    470.94 0.0209382042
    471.21 0.0208850632
    471.49 0.0208820202
    471.76 0.0208774716
    472.04 0.0210036915
    472.31 0.0209921377
    472.58 0.0209667321
    472.86 0.0210599547
    473.13 0.0211523691
    473.41 0.0212008823
    473.68 0.0213000641
    473.95 0.0214613891
    474.23 0.0214906301
    474.50 0.0215414731
    474.78 0.0215797163
    475.05 0.0216888828
    475.32 0.0217656069
    475.60 0.0217721525
    475.87 0.0217725487
    476.15 0.0219476938
    476.42 0.0220564959
    476.70 0.0221389413
    476.97 0.0220764970
    477.25 0.0221283860
    477.52 0.0222109266
    477.79 0.0221008725
    478.07 0.0220604105
    478.34 0.0221739989
    478.62 0.0222711996
    478.89 0.0224441259
    479.16 0.0224024436
    479.44 0.0223010746
    479.71 0.0224533816
    479.99 0.0225481258
    480.26 0.0224882014
    480.54 0.0225198357
    480.81 0.0225596478
    481.08 0.0226797659
    481.36 0.0228128325
    481.63 0.0229041533
    481.91 0.0229860599
    482.18 0.0231102353
    482.45 0.0231232313
    482.73 0.0231825693
    483.00 0.0232998980
    483.28 0.0234286378
    483.55 0.0235017642
    483.83 0.0234585286
    484.10 0.0234592577
    484.37 0.0235590576
    484.65 0.0236497445
    484.92 0.0236208045
    485.20 0.0236630733
    485.47 0.0237319522
    485.75 0.0239057502
    486.02 0.0241203747
    486.29 0.0241756870
    486.57 0.0243517356
    486.84 0.0245491324
    487.12 0.0246697735
    487.39 0.0246760972
    487.67 0.0246924532
    487.94 0.0247111547
    488.21 0.0247419965
    488.49 0.0247065586
    488.76 0.0247606664
    489.04 0.0248492771
    489.31 0.0250450574
    489.58 0.0252120562
    489.86 0.0253064517
    490.13 0.0254929287
    490.41 0.0258068777
    490.68 0.0266597494
    490.95 0.0280492775
    491.23 0.0299601837
    491.50 0.0324209166
    491.78 0.0351254200
    492.05 0.0376272806
    492.33 0.0396745657
    492.60 0.0408932278
    492.87 0.0413369310
    493.15 0.0409116442
    493.42 0.0400033967
    493.70 0.0386703696
    493.97 0.0372861509
    494.25 0.0361611869
    494.52 0.0349935579
    494.79 0.0340576543
    495.07 0.0335674825
    495.34 0.0330620641
    495.62 0.0330352480
    495.89 0.0332585101
    496.17 0.0334125446
    496.44 0.0337501558
    496.71 0.0339394540
    496.99 0.0338096681
    497.26 0.0335492881
    497.54 0.0329920441
    497.81 0.0323265528
    498.08 0.0315559047
    498.36 0.0309200507
    498.63 0.0304280562
    498.91 0.0298598449
    499.18 0.0293874871
    499.45 0.0290145014
    499.73 0.0287803511
    500.00 0.0286211974
    500.28 0.0285007941
    500.55 0.0282250883
    500.83 0.0281551000
    501.10 0.0281055724
    501.38 0.0279098239
    501.65 0.0276305838
    501.92 0.0275519103
    502.20 0.0272945891
    502.47 0.0272148538
    502.75 0.0271829026
    503.02 0.0271494141
    503.29 0.0272036804
    503.57 0.0272586916
    503.84 0.0272343478
    504.12 0.0273783183
    504.39 0.0275520688
    504.67 0.0276866885
    504.94 0.0277146300
    505.21 0.0278856544
    505.49 0.0279553575
    505.76 0.0280646033
    506.04 0.0281438473
    506.31 0.0280875206
    506.58 0.0280843350
    506.86 0.0281516132
    507.13 0.0282172431
    507.41 0.0282004275
    507.68 0.0281698393
    507.96 0.0281819637
    508.23 0.0282199216
    508.50 0.0282910668
    508.78 0.0285205892
    509.05 0.0284200286
    509.33 0.0285220315
    509.60 0.0285336962
    509.88 0.0285663447
    510.15 0.0286867005
    510.42 0.0287441366
    510.70 0.0286482197
    510.97 0.0287906687
    511.25 0.0289126253
    511.52 0.0291161556
    511.80 0.0292661804
    512.07 0.0293447271
    512.34 0.0294907262
    512.62 0.0296646510
    512.89 0.0296892325
    513.17 0.0298160071
    513.44 0.0299594388
    513.71 0.0298966458
    513.99 0.0299725299
    514.26 0.0300298075
    514.54 0.0300498087
    514.81 0.0300642152
    515.09 0.0300409650
    515.36 0.0300695880
    515.63 0.0301683260
    515.91 0.0302114348
    516.18 0.0301946826
    516.46 0.0301190046
    516.73 0.0302877468
    517.00 0.0303717613
    517.28 0.0303099193
    517.55 0.0303846464
    517.83 0.0304158051
    518.10 0.0304314320
    518.38 0.0306325534
    518.65 0.0306899736
    518.92 0.0306707648
    519.20 0.0308005824
    519.47 0.0308376052
    519.75 0.0309756166
    520.02 0.0311116469
    520.29 0.0310809002
    520.57 0.0310502961
    520.84 0.0312218912
    521.12 0.0312447451
    521.39 0.0314267528
    521.67 0.0314357391
    521.94 0.0315098956
    522.21 0.0315280584
    522.49 0.0316602849
    522.76 0.0316826793
    523.04 0.0317857758
    523.31 0.0317812272
    523.59 0.0317767419
    523.86 0.0318058245
    524.13 0.0319737901
    524.41 0.0319335025
    524.68 0.0319514116
    524.96 0.0320990749
    525.23 0.0321640075
    525.50 0.0323049668
    525.78 0.0324348477
    526.05 0.0325336492
    526.33 0.0328048539
    526.60 0.0329259863
    526.88 0.0328390398
    527.15 0.0329402819
    527.42 0.0330329182
    527.70 0.0331252850
    527.97 0.0332674488
    528.25 0.0333472317
    528.52 0.0336111777
    528.79 0.0338860593
    529.07 0.0340221689
    529.34 0.0341854591
    529.62 0.0343131054
    529.89 0.0344223036
    530.17 0.0345203602
    530.44 0.0346011257
    530.72 0.0347070591
    530.99 0.0347628310
    531.26 0.0349019994
    531.54 0.0350100090
    531.81 0.0351509683
    532.09 0.0353090759
    532.36 0.0352924505
    532.63 0.0354141535
    532.91 0.0356367975
    533.18 0.0357053911
    533.46 0.0358262700
    533.73 0.0360433669
    534.00 0.0361579537
    534.28 0.0364063838
    534.55 0.0365637148
    534.83 0.0367024870
    535.10 0.0370974867
    535.38 0.0375513014
    535.65 0.0378739989
    535.92 0.0385181260
    536.20 0.0393800632
    536.47 0.0402808617
    536.75 0.0412899868
    537.02 0.0423328064
    537.29 0.0434374047
    537.57 0.0445694373
    537.84 0.0456386769
    538.12 0.0466230144
    538.39 0.0474268182
    538.67 0.0480322584
    538.94 0.0482721459
    539.22 0.0483498367
    539.49 0.0483064903
    539.76 0.0480666028
    540.04 0.0476595262
    540.31 0.0474399886
    540.59 0.0471089071
    540.86 0.0470792064
    541.13 0.0471111893
    541.41 0.0470952137
    541.68 0.0469998197
    541.96 0.0469660142
    542.23 0.0467747350
    542.50 0.0466478970
    542.78 0.0463319828
    543.05 0.0460931413
    543.33 0.0462570655
    543.60 0.0465868950
    543.88 0.0472185966
    544.15 0.0490956022
    544.42 0.0629467283
    544.70 0.1178780188
    544.97 0.2154010694
    545.25 0.3427091426
    545.52 0.4797267165
    545.80 0.6171280375
    546.07 0.7524192328
    546.35 0.8718650787
    546.63 0.9417356742
    546.91 0.9615255533
    547.19 0.9410208139
    547.47 0.9025746415
    547.75 0.8568455155
    548.04 0.8048437813
    548.32 0.7483346789
    548.60 0.6907030374
    548.88 0.6314961991
    549.16 0.5756128075
    549.44 0.5224877735
    549.72 0.4727557625
    550.00 0.4291838966
    550.28 0.3932444661
    550.56 0.3641213529
    550.84 0.3401039637
    551.12 0.3185535043
    551.41 0.2967227747
    551.69 0.2713046206
    551.97 0.2409703576
    552.25 0.2073830324
    552.53 0.1740238507
    552.81 0.1430322586
    553.09 0.1156136684
    553.37 0.0934207619
    553.65 0.0775298947
    553.93 0.0671831454
    554.21 0.0607307960
    554.50 0.0567739676
    554.77 0.0541426382
    555.06 0.0523886351
    555.34 0.0507985404
    555.62 0.0496587895
    555.90 0.0488276782
    556.18 0.0481623137
    556.46 0.0476513482
    556.74 0.0472568398
    557.02 0.0467400103
    557.30 0.0465128018
    557.58 0.0463183053
    557.86 0.0461658239
    558.14 0.0460197455
    558.43 0.0457708242
    558.71 0.0455505734
    558.99 0.0454154306
    559.27 0.0452025970
    559.55 0.0449630423
    559.83 0.0448931650
    560.11 0.0448803750
    560.39 0.0447366263
    560.67 0.0445925290
    560.95 0.0444938226
    561.23 0.0445078013
    561.51 0.0442774864
    561.80 0.0440258233
    562.08 0.0437741760
    562.36 0.0436550722
    562.64 0.0435119258
    562.92 0.0433949616
    563.20 0.0432145388
    563.48 0.0431906864
    563.76 0.0429733676
    564.04 0.0427568729
    564.32 0.0427550661
    564.60 0.0427372045
    564.88 0.0426483086
    565.17 0.0426216985
    565.45 0.0426306689
    565.73 0.0427258092
    566.01 0.0427270930
    566.29 0.0425925208
    566.57 0.0426919087
    566.85 0.0427282817
    567.13 0.0428250545
    567.41 0.0430430706
    567.69 0.0431329333
    567.97 0.0432181682
    568.25 0.0434451548
    568.53 0.0433466069
    568.82 0.0434276419
    569.10 0.0433783521
    569.38 0.0432113691
    569.66 0.0432397701
    569.94 0.0433527246
    570.22 0.0433540559
    570.50 0.0433858010
    570.78 0.0434243295
    571.06 0.0435880476
    571.34 0.0437611641
    571.62 0.0439820647
    571.90 0.0442134097
    572.19 0.0445814982
    572.47 0.0451113871
    572.75 0.0456467915
    573.03 0.0461198149
    573.31 0.0465658953
    573.59 0.0471227431
    573.87 0.0478849596
    574.15 0.0485880601
    574.43 0.0497580030
    574.71 0.0514122695
    574.99 0.0540640756
    575.27 0.0605795508
    575.56 0.0796866634
    575.84 0.1163786109
    576.12 0.1682857435
    576.40 0.2320632820
    576.68 0.3021993925
    576.96 0.3680656132
    577.25 0.4229477882
    577.53 0.4647786630
    577.82 0.4984805751
    578.10 0.5282936819
    578.39 0.5560314194
    578.67 0.5840071426
    578.96 0.6149564660
    579.24 0.6440326351
    579.53 0.6633569397
    579.81 0.6642140272
    580.10 0.6456916404
    580.38 0.6112883870
    580.67 0.5658498806
    580.96 0.5174607071
    581.24 0.4747738701
    581.53 0.4388376411
    581.81 0.4085045984
    582.10 0.3815044801
    582.38 0.3559974142
    582.67 0.3304176975
    582.95 0.3043248439
    583.24 0.2778490199
    583.52 0.2520450584
    583.81 0.2278880254
    584.10 0.2069015774
    584.38 0.1885471563
    584.67 0.1725422728
    584.95 0.1582289164
    585.24 0.1456209706
    585.52 0.1332492354
    585.81 0.1207783817
    586.09 0.1087289161
    586.38 0.0973931379
    586.66 0.0871787420
    586.95 0.0787145295
    587.23 0.0721000468
    587.52 0.0677790921
    587.80 0.0648799654
    588.09 0.0629579968
    588.38 0.0615441883
    588.66 0.0607133623
    588.95 0.0600700752
    589.23 0.0595694590
    589.52 0.0590008514
    589.80 0.0586921801
    590.09 0.0582757686
    590.37 0.0581173440
    590.66 0.0577314573
    590.94 0.0575245828
    591.23 0.0574138948
    591.51 0.0576641950
    591.80 0.0582052256
    592.09 0.0592722622
    592.37 0.0607293854
    592.66 0.0628706065
    592.94 0.0656193122
    593.23 0.0689061482
    593.51 0.0727872826
    593.80 0.0772596092
    594.08 0.0820411618
    594.37 0.0868916726
    594.65 0.0911014003
    594.94 0.0942093984
    595.23 0.0962577296
    595.51 0.0969789136
    595.80 0.0962987146
    596.08 0.0941960220
    596.37 0.0913167856
    596.65 0.0881348528
    596.94 0.0851375586
    597.22 0.0822887677
    597.51 0.0796549500
    597.79 0.0771141489
    598.08 0.0749142714
    598.37 0.0728863218
    598.65 0.0709292798
    598.93 0.0689766753
    599.22 0.0672205327
    599.51 0.0656428318
    599.79 0.0642991384
    600.08 0.0631495454
    600.36 0.0618401013
    600.65 0.0607551239
    600.93 0.0596083678
    601.22 0.0583458996
    601.50 0.0570409249
    601.79 0.0556953931
    602.08 0.0543837936
    602.36 0.0534263356
    602.64 0.0524386064
    602.93 0.0516681326
    603.22 0.0510942157
    603.50 0.0507093751
    603.79 0.0505720769
    604.07 0.0505409974
    604.36 0.0504148409
    604.64 0.0504211328
    604.93 0.0504751931
    605.21 0.0506039805
    605.50 0.0507665575
    605.78 0.0509049968
    606.07 0.0510858317
    606.36 0.0513703811
    606.64 0.0515528643
    606.93 0.0519786583
    607.21 0.0524887996
    607.50 0.0532867393
    607.78 0.0541721962
    608.07 0.0554771709
    608.35 0.0572002371
    608.64 0.0594069612
    608.92 0.0618205281
    609.21 0.0644526817
    609.50 0.0668868678
    609.78 0.0692481971
    610.07 0.0712392824
    610.35 0.0726933309
    610.64 0.0737184950
    610.92 0.0744359704
    611.21 0.0748570890
    611.49 0.0752223722
    611.78 0.0756630799
    612.06 0.0762749705
    612.35 0.0772911483
    612.63 0.0785576421
    612.92 0.0802922146
    613.21 0.0826340497
    613.49 0.0859239129
    613.78 0.0906380447
    614.06 0.0971338990
    614.35 0.1059906389
    614.63 0.1176427274
    614.92 0.1316903786
    615.20 0.1476015481
    615.49 0.1638623264
    615.77 0.1786760612
    616.06 0.1908075444
    616.34 0.1990305540
    616.63 0.2032788894
    616.91 0.2040245440
    617.20 0.2023677892
    617.49 0.2000295834
    617.77 0.1989540043
    618.06 0.2007471538
    618.34 0.2069244631
    618.63 0.2176346255
    618.91 0.2326748557
    619.20 0.2505394220
    619.48 0.2693065777
    619.77 0.2868939802
    620.05 0.3013682495
    620.34 0.3104655742
    620.62 0.3139923294
    620.91 0.3116868513
    621.20 0.3041748984
    621.48 0.2933603241
    621.77 0.2803398180
    622.05 0.2663529311
    622.34 0.2526992020
    622.62 0.2391259213
    622.91 0.2255785376
    623.19 0.2127869200
    623.48 0.2000476510
    623.76 0.1880145255
    624.05 0.1765743037
    624.34 0.1662242420
    624.62 0.1572232622
    624.91 0.1495151011
    625.19 0.1426381146
    625.48 0.1368156126
    625.76 0.1316066494
    626.05 0.1269766748
    626.33 0.1220617228
    626.62 0.1167488390
    626.90 0.1112613965
    627.19 0.1055188517
    627.48 0.0998943487
    627.76 0.0943174397
    628.04 0.0889864883
    628.33 0.0843001712
    628.62 0.0801347884
    628.90 0.0767194027
    629.19 0.0740766621
    629.47 0.0716126327
    629.76 0.0696459545
    630.04 0.0682175810
    630.33 0.0668698304
    630.61 0.0659144803
    630.90 0.0649267036
    631.18 0.0638131190
    631.47 0.0629082632
    631.76 0.0622304257
    632.04 0.0611843412
    632.33 0.0604584026
    632.61 0.0596954887
    632.90 0.0589529088
    633.18 0.0583869480
    633.47 0.0577081754
    633.75 0.0569157352
    634.04 0.0563896024
    634.32 0.0557005439
    634.61 0.0549654605
    634.89 0.0544586158
    635.18 0.0539990163
    635.47 0.0535932869
    635.75 0.0531154613
    636.04 0.0526646104
    636.32 0.0523082658
    636.61 0.0520917078
    636.89 0.0516890214
    637.18 0.0513055754
    637.46 0.0510335306
    637.75 0.0507932945
    638.03 0.0505670686
    638.32 0.0503644734
    638.61 0.0501076435
    638.89 0.0498289423
    639.18 0.0496374729
    639.46 0.0494678273
    639.75 0.0493923711
    640.03 0.0491477765
    640.32 0.0488928802
    640.60 0.0485360760
    640.89 0.0484684333
    641.17 0.0483111498
    641.46 0.0480737506
    641.74 0.0478547993
    642.03 0.0478246708
    642.32 0.0476907801
    642.60 0.0476780535
    642.89 0.0475176002
    643.17 0.0473975455
    643.46 0.0472609446
    643.74 0.0471330448
    644.03 0.0469872833
    644.31 0.0469637320
    644.60 0.0468745983
    644.88 0.0467701547
    645.17 0.0467005468
    645.46 0.0467913921
    645.74 0.0468600967
    646.02 0.0469262654
    646.31 0.0469225568
    646.60 0.0469757613
    646.88 0.0471136934
    647.17 0.0471969947
    647.45 0.0472581394
    647.74 0.0473734078
    648.02 0.0474147414
    648.31 0.0474519861
    648.59 0.0477081662
    648.88 0.0479422372
    649.16 0.0481893518
    649.45 0.0484533928
    649.74 0.0486891121
    650.02 0.0490069123
    650.31 0.0494716468
    650.59 0.0496805975
    650.88 0.0498441888
    651.16 0.0500397631
    651.45 0.0502953250
    651.73 0.0504494071
    652.02 0.0505821250
    652.30 0.0506628113
    652.59 0.0508513328
    652.88 0.0509558081
    653.16 0.0510390460
    653.45 0.0509696124
    653.73 0.0509928626
    654.02 0.0508997826
    654.30 0.0508976272
    654.59 0.0506692776
    654.87 0.0505267810
    655.16 0.0503630470
    655.44 0.0501928625
    655.73 0.0500032950
    656.01 0.0499279022
    656.30 0.0496521489
    656.59 0.0495056742
    656.87 0.0492690199
    657.16 0.0490536029
    657.44 0.0486894608
    657.73 0.0482842544
    658.01 0.0479157538
    658.30 0.0475407711
    658.58 0.0471547735
    658.87 0.0470556868
    659.15 0.0467794897
    659.44 0.0467879846
    659.72 0.0466385621
    660.01 0.0464219406
    660.29 0.0463150087
    660.58 0.0462015630
    660.87 0.0459088039
    661.15 0.0457607285
    661.44 0.0454550368
    661.72 0.0453007170
    662.01 0.0451805196
    662.29 0.0451729756
    662.58 0.0449651344
    662.86 0.0448251102
    663.15 0.0446798083
    663.43 0.0445621627
    663.72 0.0445284047
    664.00 0.0444278441
    664.29 0.0442014122
    664.58 0.0441945180
    664.86 0.0441614098
    665.15 0.0441964357
    665.43 0.0442094000
    665.72 0.0441238640
    666.00 0.0440770308
    666.29 0.0440899792
    666.57 0.0440341281
    666.86 0.0438576041
    667.14 0.0437208130
    667.43 0.0436205694
    667.72 0.0436091582
    668.00 0.0436334703
    668.29 0.0435157612
    668.57 0.0435454936
    668.86 0.0436081439
    669.14 0.0435766523
    669.43 0.0434896424
    669.71 0.0434193212
    670.00 0.0433513616
    670.28 0.0434255657
    670.57 0.0433733439
    670.86 0.0434189409
    671.14 0.0434087976
    671.42 0.0434628104
    671.71 0.0434419375
    672.00 0.0433727574
    672.28 0.0433645002
    672.57 0.0433765453
    672.85 0.0433970378
    673.14 0.0432823559
    673.42 0.0431719372
    673.71 0.0430402178
    673.99 0.0429992011
    674.28 0.0428288423
    674.57 0.0425813791
    674.85 0.0424322577
    675.13 0.0425634382
    675.42 0.0425643575
    675.71 0.0426132669
    675.99 0.0426382922
    676.28 0.0426422385
    676.56 0.0427195173
    676.85 0.0426180215
    677.13 0.0424736389
    677.42 0.0423461194
    677.70 0.0423212844
    677.99 0.0422164921
    678.27 0.0421349658
    678.56 0.0422575563
    678.85 0.0423030424
    679.13 0.0423198738
    679.42 0.0423119177
    679.70 0.0421706256
    679.99 0.0420754853
    680.27 0.0420867062
    680.56 0.0420035792
    680.84 0.0419078366
    681.13 0.0417824409
    681.41 0.0416729256
    681.70 0.0416336523
    681.99 0.0415866130
    682.27 0.0414903949
    682.56 0.0413256466
    682.84 0.0412742489
    683.13 0.0411530373
    683.41 0.0412166227
    683.70 0.0412734565
    683.98 0.0412394767
    684.27 0.0410564864
    684.55 0.0410166266
    684.84 0.0409308846
    685.12 0.0410033929
    685.41 0.0410240439
    685.70 0.0409735813
    685.98 0.0410428881
    686.27 0.0411290739
    686.55 0.0410891349
    686.84 0.0410167693
    687.12 0.0408650170
    687.41 0.0407883405
    687.69 0.0407772938
    687.98 0.0406623583
    688.26 0.0405809271
    688.55 0.0405661561
    688.83 0.0406467631
    689.12 0.0407939192
    689.40 0.0408145861
    689.69 0.0409019288
    689.98 0.0413611004
    690.26 0.0419334483
    690.55 0.0426312236
    690.83 0.0432925466
    691.12 0.0439056576
    691.40 0.0445598012
    691.69 0.0450030289
    691.97 0.0451759710
    692.26 0.0451506922
    692.54 0.0448593595
    692.83 0.0446412165
    693.12 0.0445283096
    693.40 0.0442915443
    693.69 0.0441977194
    693.97 0.0441525820
    694.26 0.0441352593
    694.54 0.0442505435
    694.83 0.0444643755
    695.11 0.0445248070
    695.40 0.0449158287
    695.68 0.0454559085
    695.97 0.0459696474
    696.25 0.0468298730
    696.54 0.0479119818
    696.83 0.0491530066
    697.12 0.0509652223
    697.41 0.0531352723
    697.70 0.0557572510
    697.99 0.0587807591
    698.28 0.0620679755
    698.57 0.0651814572
    698.86 0.0680587601
    699.15 0.0702067962
    699.44 0.0716266113
    699.73 0.0720493148
    700.02 0.0717591232
    700.31 0.0707121353
    700.60 0.0693285505
    700.89 0.0676192886
    701.18 0.0660316347
    701.47 0.0646125010
    701.76 0.0635388238
    702.05 0.0627512967
    702.34 0.0623122055
    702.63 0.0620447094
    702.92 0.0619715196
    703.21 0.0624014819
    703.50 0.0629640827
    703.79 0.0636641403
    704.08 0.0644625238
    704.37 0.0651571927
    704.66 0.0657742342
    704.95 0.0663113502
    705.24 0.0661946238
    705.53 0.0658310363
    705.82 0.0650427010
    706.11 0.0640098978
    706.40 0.0625394774
    706.68 0.0611171264
    706.98 0.0596058637
    707.26 0.0579754179
    707.55 0.0564097145
    707.85 0.0550608228
    708.13 0.0536385194
    708.42 0.0525788842
    708.72 0.0514786126
    709.00 0.0504240966
    709.29 0.0496353174
    709.58 0.0487503836
    709.87 0.0478910456
    710.16 0.0471211582
    710.45 0.0463908453
    710.74 0.0455537907
    711.03 0.0449405529
    711.32 0.0443366183
    711.61 0.0438662734
    711.90 0.0434116346
    712.19 0.0429445861
    712.48 0.0424567599
    712.77 0.0420975943
    713.06 0.0417047183
    713.35 0.0411846874
    713.64 0.0405916568
    713.93 0.0400194991
    714.22 0.0395035730
    714.51 0.0390249232
    714.80 0.0386594498
    715.09 0.0382498057
    715.38 0.0379507547
    715.67 0.0376777907
    715.96 0.0374936276
    716.25 0.0372989092
    716.54 0.0370246773
    716.83 0.0368599131
    717.12 0.0367283681
    717.41 0.0365096704
    717.70 0.0364516955
    717.99 0.0363589641
    718.28 0.0363243345
    718.57 0.0362050405
    718.86 0.0361216441
    719.15 0.0359604776
    719.44 0.0359887044
    719.73 0.0358208338
    720.02 0.0357026493
    720.31 0.0354602101
    720.60 0.0355212122
    720.89 0.0353157958
    721.18 0.0352028256
    721.47 0.0349864894
    721.76 0.0348776398
    722.05 0.0346852036
    722.34 0.0347637978
    722.63 0.0345980986
    722.92 0.0346315078
    723.21 0.0346035030
    723.50 0.0347380752
    723.79 0.0348459263
    724.08 0.0348178105
    724.37 0.0346047551
    724.66 0.0344717044
    724.95 0.0344356166
    725.24 0.0342507086
    725.53 0.0340815702
    725.82 0.0339188822
    726.11 0.0338561368
    726.40 0.0338567232
    726.69 0.0337913310
    726.98 0.0336853342
    727.27 0.0337552433
    727.56 0.0336019061
    727.85 0.0334825012
    728.14 0.0334577137
    728.43 0.0333716071
    728.72 0.0334187415
    729.00 0.0334702501
    729.29 0.0335956458
    729.59 0.0339756209
    729.88 0.0343563568
    730.16 0.0347731328
    730.46 0.0351157681
    730.75 0.0354891501
    731.03 0.0357189419
    731.32 0.0357013655
    731.61 0.0356473528
    731.90 0.0355252378
    732.19 0.0353026572
    732.48 0.0352035387
    732.77 0.0349874720
    733.06 0.0347757003
    733.35 0.0346765818
    733.64 0.0345235458
    733.93 0.0343994180
    734.22 0.0342901563
    734.51 0.0341565984
    734.80 0.0339990613
    735.09 0.0339061081
    735.38 0.0337975279
    735.67 0.0335949802
    735.96 0.0333791353
    736.25 0.0332217408
    736.54 0.0330643622
    736.83 0.0329989384
    737.12 0.0327471167
    737.41 0.0326414527
    737.70 0.0325131566
    737.99 0.0324457200
    738.28 0.0323513721
    738.57 0.0322142165
    738.86 0.0321421837
    739.15 0.0322095411
    739.44 0.0319758188
    739.73 0.0319532976
    740.02 0.0318925967
    740.31 0.0316923946
    740.60 0.0316676705
    740.89 0.0314316818
    741.18 0.0312429225
    741.47 0.0312562989
    741.76 0.0311415219
    742.05 0.0309886443
    742.34 0.0308447372
    742.63 0.0307255700
    742.92 0.0305932008
    743.21 0.0304897873
    743.50 0.0303748993
    743.79 0.0302916297
    744.08 0.0302442101
    744.37 0.0303137230
    744.66 0.0302732610
    744.95 0.0303067019
    745.24 0.0302952591
    745.53 0.0302635140
    745.82 0.0302610732
    746.11 0.0302428471
    746.40 0.0301322700
    746.69 0.0300461001
    746.98 0.0299619112
    747.27 0.0298284643
    747.56 0.0297534836
    747.85 0.0296766169
    748.14 0.0295678307
    748.43 0.0295604768
    748.72 0.0294967012
    749.01 0.0295209024
    749.30 0.0295408877
    749.59 0.0295341044
    749.88 0.0294706300
    750.17 0.0294345105
    750.46 0.0293600212
    750.75 0.0293783899
    751.04 0.0293422388
    751.33 0.0292534062
    751.62 0.0292116605
    751.90 0.0291355387
    752.20 0.0290679277
    752.49 0.0289730250
    752.77 0.0287837428
    753.07 0.0286535132
    753.36 0.0286436552
    753.64 0.0285616852
    753.93 0.0285118248
    754.22 0.0283949558
    754.51 0.0283637019
    754.80 0.0283332088
    755.09 0.0283531466
    755.38 0.0282665329
    755.67 0.0280862210
    755.96 0.0278945456
    756.25 0.0278429260
    756.54 0.0277079418
    756.83 0.0276324064
    757.12 0.0275047760
    757.41 0.0274338843
    757.70 0.0274202543
    757.99 0.0274617465
    758.28 0.0274322201
    758.57 0.0273618197
    758.86 0.0273754656
    759.15 0.0273164288
    759.44 0.0272619247
    759.73 0.0273414065
    760.02 0.0273629133
    760.31 0.0274122982
    760.60 0.0274381793
    760.89 0.0273131481
    761.18 0.0272609104
    761.47 0.0271079853
    761.76 0.0269005561
    762.05 0.0267376463
    762.34 0.0266519201
    762.63 0.0266919066
    762.92 0.0266237092
    763.21 0.0265881762
    763.50 0.0266056099
    763.80 0.0266397007
    764.09 0.0265016576
    764.39 0.0261726522
    764.69 0.0259369805
    764.98 0.0258346923
    765.28 0.0256353778
    765.58 0.0254952110
    765.87 0.0253511136
    766.17 0.0253374520
    766.47 0.0254353025
    766.76 0.0254170922
    767.06 0.0253857274
    767.35 0.0253633647
    767.65 0.0253365010
    767.95 0.0252851034
    768.24 0.0251781556
    768.54 0.0251872687
    768.84 0.0251572669
    769.13 0.0251067885
    769.43 0.0252073174
    769.73 0.0252259873
    770.02 0.0251338265
    770.32 0.0250858839
    770.62 0.0249910129
    770.91 0.0248875836
    771.21 0.0247749937
    771.50 0.0247390486
    771.80 0.0246883959
    772.10 0.0247729809
    772.39 0.0248712594
    772.69 0.0248357422
    772.99 0.0248330796
    773.28 0.0249536415
    773.58 0.0247892418
    773.88 0.0246727055
    774.17 0.0246271402
    774.47 0.0245770897
    774.77 0.0245575798
    775.06 0.0244885741
    775.36 0.0243821970
    775.66 0.0243245707
    775.95 0.0242129951
    776.25 0.0241054927
    776.54 0.0239654685
    776.84 0.0238460002
    777.14 0.0237425075
    777.43 0.0236411069
    777.73 0.0235916586
    778.03 0.0235950661
    778.32 0.0235164719
    778.62 0.0235266151
    778.92 0.0234280831
    779.21 0.0234149444
    779.51 0.0232942082
    779.81 0.0232573281
    780.10 0.0231533441
    780.40 0.0230440032
    780.70 0.0229434583
    780.99 0.0228840095
    781.29 0.0229189878
    781.59 0.0228695871
    781.88 0.0227875854
    782.18 0.0227719584
    782.48 0.0228138627
    782.77 0.0226923023
    783.07 0.0227228271
    783.36 0.0226231540
    783.66 0.0226203805
    783.96 0.0226562146
    784.25 0.0226676416
    784.55 0.0225072042
    784.85 0.0225608682
    785.14 0.0225057302
    785.44 0.0223947410
    785.74 0.0222754946
    786.03 0.0221337905
    786.33 0.0221008725
    786.63 0.0220881142
    786.92 0.0219902479
    787.22 0.0219013044
    787.51 0.0218366412
    787.81 0.0218378616
    788.11 0.0218335666
    788.40 0.0216945092
    788.70 0.0216743653
    789.00 0.0216167549
    789.29 0.0216201149
    789.59 0.0216463605
    789.89 0.0216571694
    790.18 0.0215556102
    790.48 0.0215005198
    790.78 0.0214137634
    791.07 0.0213015381
    791.37 0.0211863014
    791.67 0.0209546870
    791.96 0.0208087987
    792.26 0.0207831395
    792.55 0.0207018034
    792.85 0.0207552139
    793.15 0.0207999551
    793.45 0.0207530902
    793.74 0.0208278331
    794.04 0.0208710845
    794.33 0.0208872028
    794.63 0.0208256619
    794.93 0.0206924685
    795.22 0.0206103558
    795.52 0.0205202395
    795.82 0.0204894612
    796.11 0.0204213905
    796.41 0.0203086422
    796.71 0.0203416235
    797.00 0.0203268683
    797.30 0.0202526959
    797.60 0.0203026355
    797.89 0.0202361339
    798.19 0.0202279876
    798.49 0.0202342954
    798.78 0.0202657077
    799.08 0.0202009020
    799.37 0.0202020272
    799.67 0.0201256836
    799.97 0.0202006801
