    350.00 0.1165000000
    351.00 0.1170000000
    352.00 0.1175000000
    353.00 0.1176000000
    354.00 0.1177000000
    355.00 0.1180000000
    356.00 0.1182000000
    357.00 0.1185000000
    358.00 0.1186000000
    359.00 0.1183000000
    360.00 0.1179000000
    361.00 0.1173000000
    362.00 0.1168000000
    363.00 0.1166000000
    364.00 0.1163000000
    365.00 0.1159000000
    366.00 0.1151000000
    367.00 0.1146000000
    368.00 0.1140000000
    369.00 0.1127000000
    370.00 0.1117000000
    371.00 0.1112000000
    372.00 0.1104000000
    373.00 0.1090000000
    374.00 0.1082000000
    375.00 0.1070000000
    376.00 0.1059000000
    377.00 0.1051000000
    378.00 0.1036000000
    379.00 0.1029000000
    380.00 0.1021000000
    381.00 0.1009000000
    382.00 0.0994000000
    383.00 0.0983000000
    384.00 0.0972000000
    385.00 0.0962000000
    386.00 0.0949000000
    387.00 0.0941000000
    388.00 0.0931000000
    389.00 0.0920000000
    390.00 0.0907000000
    391.00 0.0897000000
    392.00 0.0888000000
    393.00 0.0880000000
    394.00 0.0872000000
    395.00 0.0860000000
    396.00 0.0851000000
    397.00 0.0843000000
    398.00 0.0835000000
    399.00 0.0824000000
    400.00 0.0819000000
    401.00 0.0811000000
    402.00 0.0801000000
    403.00 0.0795000000
    404.00 0.0788000000
    405.00 0.0782000000
    406.00 0.0775000000
    407.00 0.0771000000
    408.00 0.0765000000
    409.00 0.0759000000
    410.00 0.0754000000
    411.00 0.0750000000
    412.00 0.0745000000
    413.00 0.0743000000
    414.00 0.0738000000
    415.00 0.0733000000
    416.00 0.0731000000
    417.00 0.0726000000
    418.00 0.0721000000
    419.00 0.0721000000
    420.00 0.0719000000
    421.00 0.0716000000
    422.00 0.0711000000
    423.00 0.0707000000
    424.00 0.0705000000
    425.00 0.0701000000
    426.00 0.0699000000
    427.00 0.0696000000
    428.00 0.0692000000
    429.00 0.0690000000
    430.00 0.0687000000
    431.00 0.0682000000
    432.00 0.0679000000
    433.00 0.0675000000
    434.00 0.0673000000
    435.00 0.0669000000
    436.00 0.0666000000
    437.00 0.0662000000
    438.00 0.0656000000
    439.00 0.0653000000
    440.00 0.0649000000
    441.00 0.0644000000
    442.00 0.0637000000
    443.00 0.0633000000
    444.00 0.0627000000
    445.00 0.0622000000
    446.00 0.0615000000
    447.00 0.0611000000
    448.00 0.0603000000
    449.00 0.0596000000
    450.00 0.0588000000
    451.00 0.0582000000
    452.00 0.0576000000
    453.00 0.0567000000
    454.00 0.0559000000
    455.00 0.0551000000
    456.00 0.0544000000
    457.00 0.0537000000
    458.00 0.0529000000
    459.00 0.0522000000
    460.00 0.0515000000
    461.00 0.0506000000
    462.00 0.0500000000
    463.00 0.0493000000
    464.00 0.0487000000
    465.00 0.0478000000
    466.00 0.0472000000
    467.00 0.0464000000
    468.00 0.0458000000
    469.00 0.0451000000
    470.00 0.0445000000
    471.00 0.0437000000
    472.00 0.0432000000
    473.00 0.0425000000
    474.00 0.0419000000
    475.00 0.0413000000
    476.00 0.0407000000
    477.00 0.0402000000
    478.00 0.0397000000
    479.00 0.0391000000
    480.00 0.0385000000
    481.00 0.0379000000
    482.00 0.0376000000
    483.00 0.0371000000
    484.00 0.0367000000
    485.00 0.0364000000
    486.00 0.0362000000
    487.00 0.0358000000
    488.00 0.0355000000
    489.00 0.0355000000
    490.00 0.0351000000
    491.00 0.0351000000
    492.00 0.0349000000
    493.00 0.0348000000
    494.00 0.0348000000
    495.00 0.0347000000
    496.00 0.0346000000
    497.00 0.0347000000
    498.00 0.0347000000
    499.00 0.0347000000
    500.00 0.0347000000
    501.00 0.0346000000
    502.00 0.0347000000
    503.00 0.0348000000
    504.00 0.0349000000
    505.00 0.0349000000
    506.00 0.0350000000
    507.00 0.0350000000
    508.00 0.0349000000
    509.00 0.0351000000
    510.00 0.0352000000
    511.00 0.0352000000
    512.00 0.0352000000
    513.00 0.0353000000
    514.00 0.0353000000
    515.00 0.0354000000
    516.00 0.0355000000
    517.00 0.0356000000
    518.00 0.0357000000
    519.00 0.0358000000
    520.00 0.0360000000
    521.00 0.0362000000
    522.00 0.0364000000
    523.00 0.0366000000
    524.00 0.0368000000
    525.00 0.0372000000
    526.00 0.0376000000
    527.00 0.0380000000
    528.00 0.0384000000
    529.00 0.0389000000
    530.00 0.0396000000
    531.00 0.0403000000
    532.00 0.0410000000
    533.00 0.0418000000
    534.00 0.0427000000
    535.00 0.0437000000
    536.00 0.0449000000
    537.00 0.0461000000
    538.00 0.0475000000
    539.00 0.0490000000
    540.00 0.0507000000
    541.00 0.0525000000
    542.00 0.0546000000
    543.00 0.0567000000
    544.00 0.0592000000
    545.00 0.0618000000
    546.00 0.0647000000
    547.00 0.0677000000
    548.00 0.0712000000
    549.00 0.0748000000
    550.00 0.0790000000
    551.00 0.0834000000
    552.00 0.0882000000
    553.00 0.0932000000
    554.00 0.0988000000
    555.00 0.1049000000
    556.00 0.1112000000
    557.00 0.1179000000
    558.00 0.1253000000
    559.00 0.1331000000
    560.00 0.1415000000
    561.00 0.1505000000
    562.00 0.1598000000
    563.00 0.1699000000
    564.00 0.1801000000
    565.00 0.1909000000
    566.00 0.2021000000
    567.00 0.2137000000
    568.00 0.2262000000
    569.00 0.2389000000
    570.00 0.2517000000
    571.00 0.2652000000
    572.00 0.2790000000
    573.00 0.2933000000
    574.00 0.3074000000
    575.00 0.3217000000
    576.00 0.3369000000
    577.00 0.3524000000
    578.00 0.3675000000
    579.00 0.3832000000
    580.00 0.3990000000
    581.00 0.4150000000
    582.00 0.4318000000
    583.00 0.4478000000
    584.00 0.4642000000
    585.00 0.4808000000
    586.00 0.4969000000
    587.00 0.5135000000
    588.00 0.5309000000
    589.00 0.5473000000
    590.00 0.5639000000
    591.00 0.5802000000
    592.00 0.5962000000
    593.00 0.6120000000
    594.00 0.6277000000
    595.00 0.6432000000
    596.00 0.6585000000
    597.00 0.6730000000
    598.00 0.6874000000
    599.00 0.7013000000
    600.00 0.7146000000
    601.00 0.7276000000
    602.00 0.7401000000
    603.00 0.7540000000
    604.00 0.7670000000
    605.00 0.7728000000
    606.00 0.7826000000
    607.00 0.7918000000
    608.00 0.8010000000
    609.00 0.8098000000
    610.00 0.8179000000
    611.00 0.8255000000
    612.00 0.8324000000
    613.00 0.8386000000
    614.00 0.8453000000
    615.00 0.8511000000
    616.00 0.8564000000
    617.00 0.8613000000
    618.00 0.8659000000
    619.00 0.8711000000
    620.00 0.8750000000
    621.00 0.8779000000
    622.00 0.8819000000
    623.00 0.8866000000
    624.00 0.8899000000
    625.00 0.8929000000
    626.00 0.8956000000
    627.00 0.8985000000
    628.00 0.9016000000
    629.00 0.9041000000
    630.00 0.9064000000
    631.00 0.9085000000
    632.00 0.9108000000
    633.00 0.9127000000
    634.00 0.9148000000
    635.00 0.9175000000
    636.00 0.9194000000
    637.00 0.9210000000
    638.00 0.9232000000
    639.00 0.9244000000
    640.00 0.9257000000
    641.00 0.9277000000
    642.00 0.9289000000
    643.00 0.9297000000
    644.00 0.9305000000
    645.00 0.9326000000
    646.00 0.9348000000
    647.00 0.9363000000
    648.00 0.9373000000
    649.00 0.9382000000
    650.00 0.9394000000
    651.00 0.9406000000
    652.00 0.9412000000
    653.00 0.9429000000
    654.00 0.9444000000
    655.00 0.9448000000
    656.00 0.9452000000
    657.00 0.9464000000
    658.00 0.9476000000
    659.00 0.9481000000
    660.00 0.9484000000
    661.00 0.9497000000
    662.00 0.9509000000
    663.00 0.9515000000
    664.00 0.9531000000
    665.00 0.9532000000
    666.00 0.9534000000
    667.00 0.9540000000
    668.00 0.9551000000
    669.00 0.9557000000
    670.00 0.9561000000
    671.00 0.9563000000
    672.00 0.9573000000
    673.00 0.9588000000
    674.00 0.9591000000
    675.00 0.9589000000
    676.00 0.9590000000
    677.00 0.9603000000
    678.00 0.9599000000
    679.00 0.9598000000
    680.00 0.9608000000
    681.00 0.9611000000
    682.00 0.9625000000
    683.00 0.9631000000
    684.00 0.9637000000
    685.00 0.9643000000
    686.00 0.9640000000
    687.00 0.9652000000
    688.00 0.9655000000
    689.00 0.9654000000
    690.00 0.9656000000
    691.00 0.9665000000
    692.00 0.9668000000
    693.00 0.9674000000
    694.00 0.9675000000
    695.00 0.9683000000
    696.00 0.9692000000
    697.00 0.9690000000
    698.00 0.9695000000
    699.00 0.9687000000
    700.00 0.9691000000
    701.00 0.9694000000
    702.00 0.9708000000
    703.00 0.9698000000
    704.00 0.9707000000
    705.00 0.9718000000
    706.00 0.9719000000
    707.00 0.9721000000
    708.00 0.9719000000
    709.00 0.9723000000
    710.00 0.9718000000
    711.00 0.9722000000
    712.00 0.9728000000
    713.00 0.9728000000
    714.00 0.9724000000
    715.00 0.9725000000
    716.00 0.9729000000
    717.00 0.9727000000
    718.00 0.9749000000
    719.00 0.9749000000
    720.00 0.9740000000
    721.00 0.9745000000
    722.00 0.9753000000
    723.00 0.9763000000
    724.00 0.9759000000
    725.00 0.9743000000
    726.00 0.9748000000
    727.00 0.9766000000
    728.00 0.9762000000
    729.00 0.9753000000
    730.00 0.9744000000
    731.00 0.9758000000
    732.00 0.9761000000
    733.00 0.9761000000
    734.00 0.9765000000
    735.00 0.9780000000
    736.00 0.9775000000
    737.00 0.9768000000
    738.00 0.9774000000
    739.00 0.9758000000
    740.00 0.9763000000
    741.00 0.9765000000
    742.00 0.9776000000
    743.00 0.9770000000
    744.00 0.9770000000
    745.00 0.9776000000
    746.00 0.9786000000
    747.00 0.9786000000
    748.00 0.9774000000
    749.00 0.9779000000
    750.00 0.9785000000
    751.00 0.9784000000
    752.00 0.9778000000
    753.00 0.9775000000
    754.00 0.9775000000
    755.00 0.9800000000
    756.00 0.9790000000
    757.00 0.9800000000
    758.00 0.9763000000
    759.00 0.9779000000
    760.00 0.9777000000
    761.00 0.9773000000
    762.00 0.9773000000
    763.00 0.9790000000
    764.00 0.9797000000
    765.00 0.9784000000
    766.00 0.9774000000
    767.00 0.9807000000
    768.00 0.9804000000
    769.00 0.9791000000
    770.00 0.9792000000
    771.00 0.9800000000
    772.00 0.9781000000
    773.00 0.9801000000
    774.00 0.9797000000
    775.00 0.9789000000
    776.00 0.9794000000
    777.00 0.9795000000
    778.00 0.9794000000
    779.00 0.9821000000
    780.00 0.9810000000
    781.00 0.9788000000
    782.00 0.9813000000
    783.00 0.9803000000
    784.00 0.9794000000
    785.00 0.9801000000
    786.00 0.9797000000
    787.00 0.9793000000
    788.00 0.9809000000
    789.00 0.9822000000
    790.00 0.9812000000
    791.00 0.9801000000
    792.00 0.9809000000
    793.00 0.9808000000
    794.00 0.9812000000
    795.00 0.9823000000
    796.00 0.9813000000
    797.00 0.9812000000
    798.00 0.9813000000
    799.00 0.9811000000
    800.00 0.9826000000
