    350.00 0.0634000000
    351.00 0.0630000000
    352.00 0.0630000000
    353.00 0.0626000000
    354.00 0.0626000000
    355.00 0.0626000000
    356.00 0.0623000000
    357.00 0.0620000000
    358.00 0.0619000000
    359.00 0.0620000000
    360.00 0.0617000000
    361.00 0.0614000000
    362.00 0.0615000000
    363.00 0.0620000000
    364.00 0.0617000000
    365.00 0.0614000000
    366.00 0.0618000000
    367.00 0.0618000000
    368.00 0.0620000000
    369.00 0.0624000000
    370.00 0.0625000000
    371.00 0.0624000000
    372.00 0.0628000000
    373.00 0.0638000000
    374.00 0.0641000000
    375.00 0.0650000000
    376.00 0.0660000000
    377.00 0.0670000000
    378.00 0.0684000000
    379.00 0.0706000000
    380.00 0.0727000000
    381.00 0.0749000000
    382.00 0.0773000000
    383.00 0.0797000000
    384.00 0.0827000000
    385.00 0.0864000000
    386.00 0.0905000000
    387.00 0.0949000000
    388.00 0.1001000000
    389.00 0.1056000000
    390.00 0.1123000000
    391.00 0.1199000000
    392.00 0.1285000000
    393.00 0.1381000000
    394.00 0.1486000000
    395.00 0.1599000000
    396.00 0.1721000000
    397.00 0.1853000000
    398.00 0.1991000000
    399.00 0.2142000000
    400.00 0.2300000000
    401.00 0.2469000000
    402.00 0.2639000000
    403.00 0.2816000000
    404.00 0.2997000000
    405.00 0.3183000000
    406.00 0.3368000000
    407.00 0.3555000000
    408.00 0.3740000000
    409.00 0.3925000000
    410.00 0.4104000000
    411.00 0.4266000000
    412.00 0.4405000000
    413.00 0.4525000000
    414.00 0.4610000000
    415.00 0.4673000000
    416.00 0.4708000000
    417.00 0.4742000000
    418.00 0.4768000000
    419.00 0.4816000000
    420.00 0.4896000000
    421.00 0.4994000000
    422.00 0.5107000000
    423.00 0.5227000000
    424.00 0.5338000000
    425.00 0.5429000000
    426.00 0.5487000000
    427.00 0.5518000000
    428.00 0.5518000000
    429.00 0.5501000000
    430.00 0.5482000000
    431.00 0.5498000000
    432.00 0.5528000000
    433.00 0.5590000000
    434.00 0.5674000000
    435.00 0.5761000000
    436.00 0.5846000000
    437.00 0.5923000000
    438.00 0.5991000000
    439.00 0.6060000000
    440.00 0.6114000000
    441.00 0.6171000000
    442.00 0.6207000000
    443.00 0.6240000000
    444.00 0.6263000000
    445.00 0.6271000000
    446.00 0.6272000000
    447.00 0.6275000000
    448.00 0.6266000000
    449.00 0.6264000000
    450.00 0.6248000000
    451.00 0.6235000000
    452.00 0.6211000000
    453.00 0.6189000000
    454.00 0.6169000000
    455.00 0.6148000000
    456.00 0.6116000000
    457.00 0.6098000000
    458.00 0.6065000000
    459.00 0.6038000000
    460.00 0.6008000000
    461.00 0.5978000000
    462.00 0.5959000000
    463.00 0.5929000000
    464.00 0.5907000000
    465.00 0.5876000000
    466.00 0.5844000000
    467.00 0.5814000000
    468.00 0.5779000000
    469.00 0.5747000000
    470.00 0.5709000000
    471.00 0.5671000000
    472.00 0.5638000000
    473.00 0.5589000000
    474.00 0.5548000000
    475.00 0.5500000000
    476.00 0.5452000000
    477.00 0.5409000000
    478.00 0.5357000000
    479.00 0.5297000000
    480.00 0.5251000000
    481.00 0.5200000000
    482.00 0.5138000000
    483.00 0.5086000000
    484.00 0.5026000000
    485.00 0.4974000000
    486.00 0.4919000000
    487.00 0.4863000000
    488.00 0.4806000000
    489.00 0.4760000000
    490.00 0.4709000000
    491.00 0.4653000000
    492.00 0.4609000000
    493.00 0.4564000000
    494.00 0.4517000000
    495.00 0.4470000000
    496.00 0.4425000000
    497.00 0.4384000000
    498.00 0.4342000000
    499.00 0.4295000000
    500.00 0.4253000000
    501.00 0.4206000000
    502.00 0.4163000000
    503.00 0.4122000000
    504.00 0.4076000000
    505.00 0.4026000000
    506.00 0.3978000000
    507.00 0.3924000000
    508.00 0.3869000000
    509.00 0.3811000000
    510.00 0.3750000000
    511.00 0.3685000000
    512.00 0.3617000000
    513.00 0.3547000000
    514.00 0.3472000000
    515.00 0.3396000000
    516.00 0.3321000000
    517.00 0.3237000000
    518.00 0.3156000000
    519.00 0.3076000000
    520.00 0.2994000000
    521.00 0.2914000000
    522.00 0.2832000000
    523.00 0.2757000000
    524.00 0.2681000000
    525.00 0.2606000000
    526.00 0.2536000000
    527.00 0.2467000000
    528.00 0.2404000000
    529.00 0.2344000000
    530.00 0.2287000000
    531.00 0.2234000000
    532.00 0.2185000000
    533.00 0.2139000000
    534.00 0.2096000000
    535.00 0.2056000000
    536.00 0.2021000000
    537.00 0.1988000000
    538.00 0.1958000000
    539.00 0.1931000000
    540.00 0.1906000000
    541.00 0.1880000000
    542.00 0.1855000000
    543.00 0.1831000000
    544.00 0.1808000000
    545.00 0.1784000000
    546.00 0.1756000000
    547.00 0.1728000000
    548.00 0.1698000000
    549.00 0.1664000000
    550.00 0.1630000000
    551.00 0.1594000000
    552.00 0.1553000000
    553.00 0.1511000000
    554.00 0.1470000000
    555.00 0.1428000000
    556.00 0.1385000000
    557.00 0.1343000000
    558.00 0.1301000000
    559.00 0.1260000000
    560.00 0.1222000000
    561.00 0.1187000000
    562.00 0.1152000000
    563.00 0.1121000000
    564.00 0.1092000000
    565.00 0.1065000000
    566.00 0.1042000000
    567.00 0.1019000000
    568.00 0.0999000000
    569.00 0.0982000000
    570.00 0.0966000000
    571.00 0.0951000000
    572.00 0.0939000000
    573.00 0.0928000000
    574.00 0.0918000000
    575.00 0.0908000000
    576.00 0.0900000000
    577.00 0.0895000000
    578.00 0.0888000000
    579.00 0.0882000000
    580.00 0.0876000000
    581.00 0.0870000000
    582.00 0.0868000000
    583.00 0.0862000000
    584.00 0.0858000000
    585.00 0.0853000000
    586.00 0.0850000000
    587.00 0.0845000000
    588.00 0.0841000000
    589.00 0.0836000000
    590.00 0.0831000000
    591.00 0.0826000000
    592.00 0.0820000000
    593.00 0.0813000000
    594.00 0.0806000000
    595.00 0.0800000000
    596.00 0.0795000000
    597.00 0.0788000000
    598.00 0.0782000000
    599.00 0.0774000000
    600.00 0.0767000000
    601.00 0.0760000000
    602.00 0.0755000000
    603.00 0.0749000000
    604.00 0.0744000000
    605.00 0.0739000000
    606.00 0.0733000000
    607.00 0.0730000000
    608.00 0.0726000000
    609.00 0.0722000000
    610.00 0.0719000000
    611.00 0.0717000000
    612.00 0.0715000000
    613.00 0.0713000000
    614.00 0.0711000000
    615.00 0.0709000000
    616.00 0.0709000000
    617.00 0.0708000000
    618.00 0.0707000000
    619.00 0.0707000000
    620.00 0.0708000000
    621.00 0.0707000000
    622.00 0.0706000000
    623.00 0.0706000000
    624.00 0.0708000000
    625.00 0.0708000000
    626.00 0.0708000000
    627.00 0.0708000000
    628.00 0.0708000000
    629.00 0.0708000000
    630.00 0.0710000000
    631.00 0.0710000000
    632.00 0.0710000000
    633.00 0.0711000000
    634.00 0.0712000000
    635.00 0.0713000000
    636.00 0.0716000000
    637.00 0.0717000000
    638.00 0.0719000000
    639.00 0.0721000000
    640.00 0.0724000000
    641.00 0.0727000000
    642.00 0.0730000000
    643.00 0.0734000000
    644.00 0.0739000000
    645.00 0.0742000000
    646.00 0.0748000000
    647.00 0.0753000000
    648.00 0.0758000000
    649.00 0.0764000000
    650.00 0.0771000000
    651.00 0.0776000000
    652.00 0.0782000000
    653.00 0.0790000000
    654.00 0.0798000000
    655.00 0.0805000000
    656.00 0.0813000000
    657.00 0.0822000000
    658.00 0.0830000000
    659.00 0.0837000000
    660.00 0.0844000000
    661.00 0.0852000000
    662.00 0.0858000000
    663.00 0.0862000000
    664.00 0.0868000000
    665.00 0.0873000000
    666.00 0.0875000000
    667.00 0.0878000000
    668.00 0.0879000000
    669.00 0.0879000000
    670.00 0.0879000000
    671.00 0.0877000000
    672.00 0.0876000000
    673.00 0.0876000000
    674.00 0.0872000000
    675.00 0.0869000000
    676.00 0.0866000000
    677.00 0.0862000000
    678.00 0.0855000000
    679.00 0.0853000000
    680.00 0.0848000000
    681.00 0.0843000000
    682.00 0.0840000000
    683.00 0.0838000000
    684.00 0.0832000000
    685.00 0.0829000000
    686.00 0.0824000000
    687.00 0.0819000000
    688.00 0.0815000000
    689.00 0.0809000000
    690.00 0.0803000000
    691.00 0.0796000000
    692.00 0.0790000000
    693.00 0.0785000000
    694.00 0.0780000000
    695.00 0.0773000000
    696.00 0.0766000000
    697.00 0.0758000000
    698.00 0.0754000000
    699.00 0.0748000000
    700.00 0.0740000000
    701.00 0.0736000000
    702.00 0.0732000000
    703.00 0.0726000000
    704.00 0.0722000000
    705.00 0.0719000000
    706.00 0.0715000000
    707.00 0.0712000000
    708.00 0.0711000000
    709.00 0.0711000000
    710.00 0.0711000000
    711.00 0.0712000000
    712.00 0.0714000000
    713.00 0.0715000000
    714.00 0.0721000000
    715.00 0.0724000000
    716.00 0.0729000000
    717.00 0.0735000000
    718.00 0.0745000000
    719.00 0.0753000000
    720.00 0.0759000000
    721.00 0.0769000000
    722.00 0.0782000000
    723.00 0.0791000000
    724.00 0.0805000000
    725.00 0.0818000000
    726.00 0.0833000000
    727.00 0.0847000000
    728.00 0.0867000000
    729.00 0.0888000000
    730.00 0.0909000000
    731.00 0.0931000000
    732.00 0.0955000000
    733.00 0.0984000000
    734.00 0.1013000000
    735.00 0.1046000000
    736.00 0.1081000000
    737.00 0.1122000000
    738.00 0.1168000000
    739.00 0.1213000000
    740.00 0.1273000000
    741.00 0.1329000000
    742.00 0.1394000000
    743.00 0.1470000000
    744.00 0.1554000000
    745.00 0.1645000000
    746.00 0.1744000000
    747.00 0.1854000000
    748.00 0.1973000000
    749.00 0.2103000000
    750.00 0.2244000000
    751.00 0.2402000000
    752.00 0.2565000000
    753.00 0.2737000000
    754.00 0.2923000000
    755.00 0.3119000000
    756.00 0.3311000000
    757.00 0.3529000000
    758.00 0.3730000000
    759.00 0.3961000000
    760.00 0.4173000000
    761.00 0.4397000000
    762.00 0.4609000000
    763.00 0.4830000000
    764.00 0.5038000000
    765.00 0.5233000000
    766.00 0.5416000000
    767.00 0.5618000000
    768.00 0.5798000000
    769.00 0.5959000000
    770.00 0.6118000000
    771.00 0.6271000000
    772.00 0.6401000000
    773.00 0.6531000000
    774.00 0.6650000000
    775.00 0.6754000000
    776.00 0.6864000000
    777.00 0.6967000000
    778.00 0.7044000000
    779.00 0.7143000000
    780.00 0.7195000000
    781.00 0.7270000000
    782.00 0.7327000000
    783.00 0.7368000000
    784.00 0.7430000000
    785.00 0.7504000000
    786.00 0.7541000000
    787.00 0.7578000000
    788.00 0.7633000000
    789.00 0.7676000000
    790.00 0.7721000000
    791.00 0.7741000000
    792.00 0.7763000000
    793.00 0.7784000000
    794.00 0.7833000000
    795.00 0.7848000000
    796.00 0.7857000000
    797.00 0.7882000000
    798.00 0.7910000000
    799.00 0.7932000000
    800.00 0.8039000000
