    350.00 0.0643000000
    351.00 0.0640000000
    352.00 0.0640000000
    353.00 0.0635000000
    354.00 0.0634000000
    355.00 0.0632000000
    356.00 0.0631000000
    357.00 0.0632000000
    358.00 0.0631000000
    359.00 0.0632000000
    360.00 0.0633000000
    361.00 0.0632000000
    362.00 0.0635000000
    363.00 0.0638000000
    364.00 0.0640000000
    365.00 0.0644000000
    366.00 0.0648000000
    367.00 0.0652000000
    368.00 0.0654000000
    369.00 0.0659000000
    370.00 0.0668000000
    371.00 0.0673000000
    372.00 0.0678000000
    373.00 0.0687000000
    374.00 0.0697000000
    375.00 0.0704000000
    376.00 0.0710000000
    377.00 0.0716000000
    378.00 0.0732000000
    379.00 0.0747000000
    380.00 0.0759000000
    381.00 0.0769000000
    382.00 0.0778000000
    383.00 0.0786000000
    384.00 0.0798000000
    385.00 0.0809000000
    386.00 0.0820000000
    387.00 0.0829000000
    388.00 0.0840000000
    389.00 0.0851000000
    390.00 0.0863000000
    391.00 0.0876000000
    392.00 0.0887000000
    393.00 0.0900000000
    394.00 0.0914000000
    395.00 0.0926000000
    396.00 0.0937000000
    397.00 0.0950000000
    398.00 0.0959000000
    399.00 0.0967000000
    400.00 0.0977000000
    401.00 0.0985000000
    402.00 0.0991000000
    403.00 0.0999000000
    404.00 0.1004000000
    405.00 0.1009000000
    406.00 0.1012000000
    407.00 0.1015000000
    408.00 0.1017000000
    409.00 0.1019000000
    410.00 0.1017000000
    411.00 0.1017000000
    412.00 0.1015000000
    413.00 0.1011000000
    414.00 0.1008000000
    415.00 0.1005000000
    416.00 0.0998000000
    417.00 0.0995000000
    418.00 0.0988000000
    419.00 0.0982000000
    420.00 0.0977000000
    421.00 0.0970000000
    422.00 0.0963000000
    423.00 0.0957000000
    424.00 0.0953000000
    425.00 0.0947000000
    426.00 0.0943000000
    427.00 0.0938000000
    428.00 0.0934000000
    429.00 0.0930000000
    430.00 0.0926000000
    431.00 0.0925000000
    432.00 0.0924000000
    433.00 0.0920000000
    434.00 0.0917000000
    435.00 0.0917000000
    436.00 0.0917000000
    437.00 0.0914000000
    438.00 0.0911000000
    439.00 0.0909000000
    440.00 0.0904000000
    441.00 0.0903000000
    442.00 0.0900000000
    443.00 0.0898000000
    444.00 0.0895000000
    445.00 0.0891000000
    446.00 0.0889000000
    447.00 0.0885000000
    448.00 0.0881000000
    449.00 0.0879000000
    450.00 0.0876000000
    451.00 0.0875000000
    452.00 0.0871000000
    453.00 0.0867000000
    454.00 0.0865000000
    455.00 0.0862000000
    456.00 0.0861000000
    457.00 0.0860000000
    458.00 0.0859000000
    459.00 0.0858000000
    460.00 0.0858000000
    461.00 0.0856000000
    462.00 0.0856000000
    463.00 0.0856000000
    464.00 0.0857000000
    465.00 0.0856000000
    466.00 0.0857000000
    467.00 0.0857000000
    468.00 0.0858000000
    469.00 0.0857000000
    470.00 0.0858000000
    471.00 0.0857000000
    472.00 0.0856000000
    473.00 0.0853000000
    474.00 0.0850000000
    475.00 0.0847000000
    476.00 0.0843000000
    477.00 0.0839000000
    478.00 0.0833000000
    479.00 0.0823000000
    480.00 0.0816000000
    481.00 0.0809000000
    482.00 0.0799000000
    483.00 0.0793000000
    484.00 0.0784000000
    485.00 0.0778000000
    486.00 0.0770000000
    487.00 0.0764000000
    488.00 0.0760000000
    489.00 0.0753000000
    490.00 0.0748000000
    491.00 0.0744000000
    492.00 0.0740000000
    493.00 0.0737000000
    494.00 0.0735000000
    495.00 0.0734000000
    496.00 0.0732000000
    497.00 0.0731000000
    498.00 0.0731000000
    499.00 0.0729000000
    500.00 0.0729000000
    501.00 0.0730000000
    502.00 0.0729000000
    503.00 0.0728000000
    504.00 0.0729000000
    505.00 0.0728000000
    506.00 0.0727000000
    507.00 0.0726000000
    508.00 0.0725000000
    509.00 0.0722000000
    510.00 0.0720000000
    511.00 0.0717000000
    512.00 0.0713000000
    513.00 0.0709000000
    514.00 0.0703000000
    515.00 0.0698000000
    516.00 0.0694000000
    517.00 0.0688000000
    518.00 0.0684000000
    519.00 0.0679000000
    520.00 0.0675000000
    521.00 0.0672000000
    522.00 0.0670000000
    523.00 0.0667000000
    524.00 0.0666000000
    525.00 0.0665000000
    526.00 0.0665000000
    527.00 0.0666000000
    528.00 0.0667000000
    529.00 0.0668000000
    530.00 0.0670000000
    531.00 0.0672000000
    532.00 0.0675000000
    533.00 0.0678000000
    534.00 0.0681000000
    535.00 0.0683000000
    536.00 0.0687000000
    537.00 0.0690000000
    538.00 0.0694000000
    539.00 0.0697000000
    540.00 0.0702000000
    541.00 0.0707000000
    542.00 0.0713000000
    543.00 0.0717000000
    544.00 0.0724000000
    545.00 0.0729000000
    546.00 0.0735000000
    547.00 0.0744000000
    548.00 0.0753000000
    549.00 0.0761000000
    550.00 0.0772000000
    551.00 0.0783000000
    552.00 0.0794000000
    553.00 0.0806000000
    554.00 0.0818000000
    555.00 0.0830000000
    556.00 0.0841000000
    557.00 0.0852000000
    558.00 0.0863000000
    559.00 0.0873000000
    560.00 0.0884000000
    561.00 0.0893000000
    562.00 0.0903000000
    563.00 0.0912000000
    564.00 0.0922000000
    565.00 0.0932000000
    566.00 0.0945000000
    567.00 0.0958000000
    568.00 0.0974000000
    569.00 0.0993000000
    570.00 0.1016000000
    571.00 0.1041000000
    572.00 0.1072000000
    573.00 0.1108000000
    574.00 0.1151000000
    575.00 0.1198000000
    576.00 0.1254000000
    577.00 0.1319000000
    578.00 0.1393000000
    579.00 0.1476000000
    580.00 0.1568000000
    581.00 0.1669000000
    582.00 0.1780000000
    583.00 0.1900000000
    584.00 0.2032000000
    585.00 0.2171000000
    586.00 0.2317000000
    587.00 0.2473000000
    588.00 0.2639000000
    589.00 0.2810000000
    590.00 0.2987000000
    591.00 0.3167000000
    592.00 0.3352000000
    593.00 0.3540000000
    594.00 0.3731000000
    595.00 0.3922000000
    596.00 0.4113000000
    597.00 0.4305000000
    598.00 0.4502000000
    599.00 0.4702000000
    600.00 0.4904000000
    601.00 0.5101000000
    602.00 0.5295000000
    603.00 0.5480000000
    604.00 0.5666000000
    605.00 0.5851000000
    606.00 0.6033000000
    607.00 0.6208000000
    608.00 0.6380000000
    609.00 0.6545000000
    610.00 0.6703000000
    611.00 0.6856000000
    612.00 0.6995000000
    613.00 0.7134000000
    614.00 0.7258000000
    615.00 0.7380000000
    616.00 0.7522000000
    617.00 0.7633000000
    618.00 0.7686000000
    619.00 0.7781000000
    620.00 0.7859000000
    621.00 0.7930000000
    622.00 0.8008000000
    623.00 0.8080000000
    624.00 0.8138000000
    625.00 0.8201000000
    626.00 0.8254000000
    627.00 0.8301000000
    628.00 0.8350000000
    629.00 0.8386000000
    630.00 0.8417000000
    631.00 0.8450000000
    632.00 0.8486000000
    633.00 0.8513000000
    634.00 0.8535000000
    635.00 0.8570000000
    636.00 0.8593000000
    637.00 0.8611000000
    638.00 0.8629000000
    639.00 0.8644000000
    640.00 0.8663000000
    641.00 0.8680000000
    642.00 0.8691000000
    643.00 0.8697000000
    644.00 0.8699000000
    645.00 0.8711000000
    646.00 0.8726000000
    647.00 0.8736000000
    648.00 0.8741000000
    649.00 0.8744000000
    650.00 0.8754000000
    651.00 0.8757000000
    652.00 0.8758000000
    653.00 0.8767000000
    654.00 0.8772000000
    655.00 0.8771000000
    656.00 0.8771000000
    657.00 0.8780000000
    658.00 0.8787000000
    659.00 0.8783000000
    660.00 0.8777000000
    661.00 0.8782000000
    662.00 0.8787000000
    663.00 0.8784000000
    664.00 0.8782000000
    665.00 0.8781000000
    666.00 0.8784000000
    667.00 0.8781000000
    668.00 0.8775000000
    669.00 0.8774000000
    670.00 0.8768000000
    671.00 0.8768000000
    672.00 0.8779000000
    673.00 0.8779000000
    674.00 0.8773000000
    675.00 0.8775000000
    676.00 0.8770000000
    677.00 0.8763000000
    678.00 0.8762000000
    679.00 0.8759000000
    680.00 0.8756000000
    681.00 0.8756000000
    682.00 0.8765000000
    683.00 0.8762000000
    684.00 0.8753000000
    685.00 0.8748000000
    686.00 0.8742000000
    687.00 0.8752000000
    688.00 0.8749000000
    689.00 0.8742000000
    690.00 0.8736000000
    691.00 0.8745000000
    692.00 0.8743000000
    693.00 0.8743000000
    694.00 0.8736000000
    695.00 0.8735000000
    696.00 0.8734000000
    697.00 0.8727000000
    698.00 0.8732000000
    699.00 0.8726000000
    700.00 0.8725000000
    701.00 0.8724000000
    702.00 0.8720000000
    703.00 0.8716000000
    704.00 0.8715000000
    705.00 0.8723000000
    706.00 0.8716000000
    707.00 0.8706000000
    708.00 0.8702000000
    709.00 0.8707000000
    710.00 0.8695000000
    711.00 0.8687000000
    712.00 0.8696000000
    713.00 0.8694000000
    714.00 0.8682000000
    715.00 0.8678000000
    716.00 0.8683000000
    717.00 0.8669000000
    718.00 0.8688000000
    719.00 0.8685000000
    720.00 0.8667000000
    721.00 0.8666000000
    722.00 0.8671000000
    723.00 0.8673000000
    724.00 0.8666000000
    725.00 0.8647000000
    726.00 0.8648000000
    727.00 0.8650000000
    728.00 0.8648000000
    729.00 0.8649000000
    730.00 0.8640000000
    731.00 0.8641000000
    732.00 0.8641000000
    733.00 0.8631000000
    734.00 0.8632000000
    735.00 0.8647000000
    736.00 0.8624000000
    737.00 0.8619000000
    738.00 0.8618000000
    739.00 0.8622000000
    740.00 0.8617000000
    741.00 0.8613000000
    742.00 0.8628000000
    743.00 0.8618000000
    744.00 0.8595000000
    745.00 0.8597000000
    746.00 0.8598000000
    747.00 0.8603000000
    748.00 0.8594000000
    749.00 0.8588000000
    750.00 0.8593000000
    751.00 0.8590000000
    752.00 0.8589000000
    753.00 0.8574000000
    754.00 0.8566000000
    755.00 0.8584000000
    756.00 0.8584000000
    757.00 0.8580000000
    758.00 0.8559000000
    759.00 0.8584000000
    760.00 0.8564000000
    761.00 0.8563000000
    762.00 0.8554000000
    763.00 0.8552000000
    764.00 0.8559000000
    765.00 0.8544000000
    766.00 0.8555000000
    767.00 0.8549000000
    768.00 0.8553000000
    769.00 0.8541000000
    770.00 0.8550000000
    771.00 0.8561000000
    772.00 0.8530000000
    773.00 0.8543000000
    774.00 0.8535000000
    775.00 0.8514000000
    776.00 0.8505000000
    777.00 0.8522000000
    778.00 0.8515000000
    779.00 0.8521000000
    780.00 0.8512000000
    781.00 0.8502000000
    782.00 0.8518000000
    783.00 0.8486000000
    784.00 0.8497000000
    785.00 0.8482000000
    786.00 0.8503000000
    787.00 0.8478000000
    788.00 0.8502000000
    789.00 0.8498000000
    790.00 0.8488000000
    791.00 0.8498000000
    792.00 0.8463000000
    793.00 0.8478000000
    794.00 0.8489000000
    795.00 0.8483000000
    796.00 0.8471000000
    797.00 0.8473000000
    798.00 0.8456000000
    799.00 0.8484000000
    800.00 0.8543000000
